list(y=c(9.15480E+01, 7.65881E-01, 3.18201E+00, 3.12930E+00, 6.26958E+00, 4.81268E+00, 5.82019E+00, 4.03541E+00, 1.08047E+00, 1.43825E+00, 1.95255E+01, 2.32861E+00, 3.53761E+00, 6.54752E+00, 4.42425E+00, 5.01077E+00, 4.49169E+00, 1.97353E+00, 1.75459E+00, 5.58530E+00, 3.80767E-01, 3.63121E+00, 3.55083E+00, 6.06145E+00, 1.66193E+00, 7.55452E+00, 7.43859E+01, 1.46972E+00, 5.75286E+00, 2.16515E-01, 3.88748E+00, 3.45669E+00, 6.60129E+00, 4.91164E+00, 5.06089E+00, 1.44002E+00, 4.93293E+00, 1.76361E+00, 1.14033E+00, 7.90651E+00, 5.33277E+01, 5.54988E+00, 3.20470E+00, 2.42598E+00, 3.51786E+00, 4.09408E+00, 7.56517E+00, 5.20406E+01, 1.44319E+00, 5.90466E+00, 5.93518E-01, 3.53514E+00, 3.89436E+00, 3.55583E+00, 4.08910E+00, 1.16474E+00, 1.74915E+00, 4.20488E+00, 1.67261E+00, 3.86018E+01, 1.38643E+00, 3.58661E+00, 4.09194E+00, 1.03464E+00, 4.33086E+00, 1.02522E+00, 7.72052E+00, 4.47143E+01, 1.52682E+00, 5.24280E+00, 3.42974E+00, 2.60331E+00, 3.96029E+00, 3.30104E+00, 6.00418E+00, 4.16230E+00, 1.08984E+00, 1.06553E+00, 1.04982E+01, 7.04993E+00, 1.43396E+00, 7.90409E-01, 3.19950E+00, 2.73663E+00, 3.20160E+00, 3.85162E+00, 6.06493E+00, 4.68455E+00, 4.04001E+00, 1.94254E+00, 4.91425E+00, 1.37771E+00, 4.26231E+00, 3.35859E+00, 4.33884E+00, 4.91163E+00, 1.38876E+00, 5.03409E+00, 5.95865E-03, 3.70588E+00, 2.60317E+00, 3.15831E+00, 6.43653E+00, 5.53356E+00, 4.31423E+00, 4.45184E+00, 1.07645E+00, 4.67143E+00, 1.76643E+00, 7.84946E+01, 7.61802E+00, 4.18911E-01, 2.35903E+00, 6.72279E+00, 4.52739E+00, 1.34083E+00, 8.53860E+01, 5.86716E+00, 3.33295E+00, 2.12509E+00, 3.09974E+00, 4.88028E+00, 5.46955E+00, 4.35158E+00, 1.88969E+00, 4.91552E+00, 4.92019E+00, 6.72407E+01, 7.94284E+00, 4.35817E-01, 2.28037E+00, 3.33450E+00, 3.23133E+00, 4.46502E+00, 5.91545E+00, 1.80249E+00, 4.10109E+00, 4.24630E+00, 5.49850E+01, 2.46338E+01, 5.62781E-01, 2.24804E+00, 3.13667E+00, 1.97014E+00, 4.15161E+00, 1.16437E+00, 5.99918E+01, 9.39900E+01, 1.95567E+00, 5.27532E+00, 3.50249E+00, 3.73732E+00, 3.96188E+00, 6.51129E+00, 4.29614E+00, 5.91770E+00, 4.77529E+00, 4.37100E+00, 1.50007E+00, 1.95862E+00, 9.59227E-01, 2.16133E+00, 5.13476E+00, 4.17302E+00, 1.14175E+00, 4.16412E+00, 1.62355E+00, 3.11852E+01, 3.53460E-01, 3.67448E+00, 2.01813E+00, 3.93247E+00, 3.70010E+00, 6.17911E+00, 4.52352E+00, 4.43765E+00, 1.86701E+00, 4.84968E+00, 1.98716E+00, 1.49674E+00, 2.30105E+01, 1.52901E+00, 3.84164E+00, 3.98195E+00, 4.65603E+00, 5.77349E+00, 1.86936E+00, 4.16861E+01, 2.34275E+01, 3.14409E+00, 2.97109E+00, 3.86291E+00, 3.51544E+00, 6.15141E+00, 5.28394E+00, 4.84965E+00, 1.61103E+00, 1.32458E+00, 7.61391E+00, 5.61879E+00, 2.70616E+00, 4.96957E+00, 5.25105E+00, 4.55979E+00, 4.35547E+00, 1.29037E+00, 7.07650E+00, 5.60982E+00, 7.96521E-01, 3.74421E+00, 3.36787E+00, 3.93943E+00, 6.47011E+00, 5.07020E+00, 1.43789E+00, 4.22211E+00, 1.28627E+00, 4.53084E+01, 1.13533E+00, 5.91653E+00, 6.91299E-01, 3.19017E+00, 4.20462E+00, 5.41723E+00, 1.72954E+00, 1.08245E+00, 9.78778E+01, 8.54116E-01, 3.94470E+00, 4.36928E+00, 5.44659E+00, 4.77558E+00, 1.13763E+00, 8.14509E+01, 7.47771E+00, 1.94508E+00, 5.48161E+00, 3.83624E-01, 3.36210E+00, 2.85818E+00, 3.71934E+00, 6.79045E+00, 5.06869E+00, 4.34373E+00, 1.56871E+01, 7.85248E+00, 1.76421E+00, 5.15349E+00, 3.17408E+00, 6.74319E+00, 4.33133E+00, 1.78333E+00, 4.91303E+00, 4.98812E+00, 1.30802E+00, 2.88407E+01, 1.73797E+00, 3.24684E+00, 4.93700E+00, 1.78097E+00, 1.90897E+00, 4.65418E+00, 1.85051E+00, 1.17662E+00, 7.91026E+00, 1.50161E+00, 5.64554E+00, 2.46874E-01, 2.93379E+00, 3.39940E+00, 6.68654E+00, 4.00819E+00, 5.76548E+00, 4.13625E+00, 1.41065E+00, 1.40246E+00, 6.42227E+01, 7.15314E+00, 5.21084E+00, 3.97508E+00, 1.15988E+00, 4.98992E+00, 1.02017E+00, 5.39459E+01, 7.02930E+00, 7.50083E+01, 5.83308E+00, 3.46343E+00, 2.80821E+00, 3.30595E+00, 4.35387E+00, 4.83408E+00, 1.92225E+00, 4.82611E+00, 1.96948E+00, 1.24388E+00, 6.78707E+01, 5.08882E+00, 5.11961E-02, 3.36010E+00, 4.04286E+00, 1.39585E+00, 1.88150E+00, 7.86077E+01, 7.56391E+00, 4.23822E+01, 1.71311E+00, 3.62799E+00, 3.40576E+00, 4.18877E+00, 5.87636E+00, 4.40440E+00, 4.03960E+00, 1.72109E+00, 7.08501E+01, 7.24596E+00, 8.82863E-02, 3.28047E+00, 3.80591E+00, 5.89614E+00, 1.78936E+00, 1.69918E+00, 1.55361E+00, 2.21437E+01, 7.12541E+00, 1.28557E+00, 5.95847E+00, 9.99791E-01, 3.32841E+00, 2.89577E+00, 3.18091E+00, 6.64115E+00, 4.37129E+00, 4.39406E+00, 1.80115E+00, 9.09299E+00, 3.05718E+01, 5.92677E+00, 7.30493E-01, 3.11761E+00, 4.14182E+00, 1.28532E+00, 1.58308E+00, 3.62857E+01, 5.69142E+00, 3.60236E-01, 3.32911E+00, 4.59723E+00, 5.28571E+00, 1.84180E+00, 1.51274E+00, 7.79695E+01, 7.78260E+00, 1.82019E+01, 1.05376E+00, 5.53514E-01, 3.97500E+00, 3.70145E+00, 6.41244E+00, 4.04605E+00, 1.12059E+00, 7.71829E+00, 1.70283E+00, 5.59848E+00, 3.89587E+00, 2.42363E+00, 3.38748E+00, 4.46991E+00, 1.24540E+00, 1.89931E+00, 7.44457E+00, 5.19416E+00, 5.81424E-01, 3.43491E+00, 2.02036E+00, 3.80808E+00, 4.95946E+00, 4.02709E+00, 4.31085E+00), b.lab=c(-2.15342E-01, 5.71491E-02, 6.57349E-02, 6.62997E-02, 5.70812E-02, -1.61254E-02, -8.47145E-03, 1.08131E-01, -4.72363E-02, 2.05598E-01, -1.02648E-03, 9.54300E-02, -5.05889E-02, 1.50025E-01, 4.70441E-02, -1.24290E-01, 1.38472E-01, -6.10952E-02, -1.22878E-03), beta=c(-1.55925E+00, -1.47313E+00, -4.33900E-01, 7.74495E-01, 5.76483E-01, -3.89708E-01, 1.41054E+00, 5.02809E-01, -5.19854E-01, -4.41014E-01, -1.90597E+00, 2.51130E-01, -9.51663E-01, 3.31388E-01, 1.37928E+00, 9.99272E-01, 1.51102E+00, -1.64372E+00, -7.35816E-01, -8.79192E-01), sigma=2.99894E-01, sigma.lab=7.24920E-02)
