list(y=c(7.91189E+00, 2.72457E+01, 1.83116E+00, 5.01502E+00, 2.38795E+00, 3.48915E+00, 1.61481E+00, 4.40105E+00, 4.51970E+00, 1.88254E+00, 9.53629E+01, 7.18221E+00, 1.99470E+00, 5.97853E+00, 9.88587E-01, 3.42179E+00, 3.51339E+00, 1.60440E+00, 4.84608E+00, 4.23000E+00, 1.09414E+00, 8.92367E+01, 7.77976E+00, 3.86286E+01, 1.43946E+00, 2.69635E+00, 3.36673E+00, 4.05248E+00, 5.02780E+00, 4.46171E+00, 4.49143E+00, 1.63780E+00, 4.77691E+00, 1.77789E+00, 1.58118E+00, 9.37340E+01, 2.62357E+00, 3.70166E+00, 4.73726E+00, 4.35279E+00, 1.67153E+00, 4.87907E+01, 1.04272E+00, 6.65131E-01, 3.59230E+00, 6.20322E+00, 5.26293E+00, 4.03537E+00, 1.11275E+00, 4.63939E+00, 1.64857E+00, 4.66039E+00, 1.84904E+00, 1.71290E+00, 5.82745E+01, 2.09550E+00, 6.95025E+00, 4.32468E+00, 5.65068E+00, 4.24643E+00, 1.53898E+00, 5.22910E+01, 7.52912E+00, 5.91940E+00, 8.70826E-01, 3.78866E+00, 2.47685E+00, 3.33237E+00, 6.25138E+00, 4.78601E+00, 5.72542E+00, 4.11581E+00, 1.77401E+00, 1.14837E+00, 5.97227E+01, 5.39436E-01, 4.78261E+00, 5.74469E+00, 4.72872E+00, 1.77137E+00, 4.94840E+00, 1.00277E+00, 8.23824E+01, 5.06887E+00, 5.13822E+00, 1.13690E+00, 1.00586E+00, 7.35785E+01, 7.45701E+00, 8.75863E+01, 1.82238E+00, 5.97581E+00, 1.65345E-01, 2.72082E+00, 3.29423E+00, 3.77798E+00, 6.93942E+00, 4.19640E+00, 5.31277E+00, 1.80754E+00, 1.62079E+00, 4.31278E+00, 1.79068E+00, 1.57570E+00, 6.35628E+01, 7.27307E+00, 1.00222E+01, 3.76241E+00, 4.06260E+00, 1.37160E+00, 1.98553E+00, 3.55593E+01, 1.96525E+00, 5.69178E+00, 3.56172E+00, 3.22943E+00, 3.81051E+00, 5.04615E+00, 4.83213E+00, 1.12292E+00, 4.24117E+00, 1.25158E+00, 4.63088E+00, 1.19553E+00, 2.14671E+01, 7.30441E+00, 1.50829E+00, 9.68839E-01, 3.26959E+00, 6.56627E+00, 1.77275E+00, 1.08202E+00, 1.14854E+00, 1.32452E+01, 1.23315E+00, 5.33242E+00, 3.09373E+00, 6.41701E+00, 4.81666E+00, 1.78157E+00, 1.87899E+00, 1.39988E+00, 7.81961E+00, 1.24809E+00, 5.84512E+00, 3.75165E+00, 3.24382E+00, 6.76420E+00, 4.00726E+00, 5.50385E+00, 4.62130E+00, 4.24793E+00, 1.66687E+00, 1.88215E+00, 7.76212E+00, 6.46121E-01, 2.65275E+00, 1.33159E+00, 1.93307E+00, 4.23914E+00, 1.80232E+00, 2.92778E+01, 7.89521E+00, 9.31211E+01, 5.52445E+00, 3.10842E+00, 3.26916E+00, 3.16604E+00, 6.91727E+00, 4.16089E+00, 4.88545E+00, 1.14864E+00, 1.80303E+00, 7.64965E+00, 9.25761E+01, 1.03668E+00, 5.41812E+00, 5.58478E+00, 4.46318E+00, 1.86139E+00, 7.94201E+00, 9.82446E+01, 5.23481E+00, 7.65031E-01, 3.46032E+00, 2.76101E+00, 6.90893E+00, 4.96834E+00, 1.59969E+00, 4.81938E+00, 1.93788E+00, 4.31062E+00, 1.41324E+00, 7.10257E+00, 1.46581E+00, 5.19873E+00, 6.11634E-01, 4.64503E+00, 4.51386E+00, 1.78600E+00, 4.68096E+00, 1.79193E+00, 2.38000E+01, 1.90137E+01, 1.22097E+00, 5.36957E-01, 3.55993E+00, 3.47593E+00, 3.10399E+00, 6.98755E+00, 4.52249E+00, 1.92091E+00, 1.16189E+00, 1.04708E+00, 7.94102E+01, 6.65598E+01, 1.52426E+00, 2.28736E+00, 4.08556E+00, 4.69310E+00, 1.66636E+00, 4.27209E+00, 1.68627E+00, 7.57973E+00, 6.66498E+01, 3.26767E+00, 2.16732E+00, 3.97178E+00, 6.54711E+00, 4.15676E+00, 4.02407E+00, 1.47643E+00, 4.99940E+00, 1.84993E+00, 2.35876E+01, 7.38471E+00, 1.54071E+00, 5.57563E+00, 2.89637E+00, 3.37509E+00, 3.56788E+00, 6.22729E+00, 4.48087E+00, 1.83024E+00, 1.47067E+00, 4.96291E+00, 1.50670E+00, 4.88681E+01, 3.16671E+00, 4.01269E+00, 1.28337E+00, 4.78122E+00, 1.48155E+00, 4.10127E+00, 1.34106E+00, 1.00653E+00, 2.88323E+01, 2.73317E-01, 3.31293E+00, 2.57585E+00, 3.63345E+00, 5.08738E+00, 4.12623E+00, 1.77418E+00, 1.42202E+00, 7.81003E+00, 2.76101E+01, 5.95691E+00, 9.52175E-02, 3.30215E+00, 2.69364E+00, 3.73782E+00, 6.72284E+00, 5.49098E+00, 4.22266E+00, 4.41334E+00, 2.29056E+01, 9.18647E+01, 3.95856E+00, 3.36661E+00, 4.46223E+00, 1.30736E+00, 4.86797E+00, 1.95779E+00, 7.43093E+01, 1.60278E+00, 8.34336E-01, 3.38057E+00, 2.37562E+00, 3.33333E+00, 6.12127E+00, 4.16443E+00, 5.18305E+00, 4.70244E+00, 4.95549E+00, 1.69781E+00, 1.07489E+00, 1.88884E+00, 6.39032E-01, 3.09330E+00, 6.22224E+00, 5.18875E+00, 4.68987E+00, 1.50650E+00, 7.51331E+00, 5.34207E+01, 1.50242E+00, 2.88519E+00, 3.01983E+00, 3.39764E+00, 6.46928E+00, 4.84632E+00, 5.68325E+00, 4.06435E+00, 1.41717E+00, 4.60345E+00, 1.89085E+00, 5.56255E+00, 5.07856E-01, 3.79861E+00, 2.10607E+00, 6.70964E+00, 1.54158E+00, 1.33681E+00, 4.59993E+00, 1.30297E+00, 3.86365E+01, 1.22798E+00, 5.12634E+00, 3.62534E+00, 2.36658E+00, 6.81829E+00, 4.29690E+00, 4.89430E+00, 1.03340E+00, 4.24204E+00, 4.93948E+00, 9.31088E+01, 3.32497E+00, 5.82996E+00, 1.04877E+00, 4.81541E+00, 4.38450E+00, 1.24971E+00, 1.10926E+00, 7.27233E+00, 1.66436E+00, 3.27296E+00, 2.45126E+00, 3.87725E+00, 6.96037E+00, 4.11605E+00, 5.36321E+00, 4.34134E+00, 1.12689E+00, 4.28253E+00, 1.34709E+00, 7.59379E+00, 4.00166E+01, 1.87490E+00, 2.76675E+00, 3.35276E+00, 3.51556E+00, 6.36951E+00, 4.58155E+00, 1.91339E+00, 4.75044E+00, 4.58602E+00, 1.69644E+00, 5.92408E+00, 2.01562E+00, 3.74551E+00, 4.74028E+00, 5.47991E+00, 4.26061E+00, 1.88455E+00, 1.89592E+00, 4.20169E+00, 1.16041E+00, 4.06022E+01, 7.98126E+01, 7.48598E-01, 3.03814E+00, 6.17746E+00, 4.78177E+00, 5.15914E+00, 4.43237E+00, 1.79919E+00, 4.27529E+00, 1.89125E+00, 1.83052E+01, 6.26892E+01, 1.74360E+00, 3.61934E+00, 6.77145E+00, 5.64353E+00, 1.51894E+00), b.lab=c(-2.20884E-01, 1.15646E-01, 8.29256E-02, 2.02991E-01, -5.09439E-02, 5.38482E-02, 2.25523E-02, 5.81524E-02, 6.10411E-02, -2.09210E-01, -6.17654E-02, 1.14422E-01, -1.59332E-01, 8.87611E-02, 1.07727E-01, 1.25443E-01, -1.14753E-02, 1.71765E-02, -8.55312E-03, -1.53254E-02), beta=c(5.35132E-01, -7.65938E-02, 6.65000E-01, -2.05938E+00, -5.94211E-01, 7.37775E-02, 8.08789E-01, -4.42253E-01, 1.13644E+00, -5.26369E-01, 6.37061E-01, 7.27918E-01, -2.80936E-01, -1.72836E+00, -1.77635E-01, -1.82160E+00, 5.17383E-01, 7.81700E-02, 1.12984E+00, -1.42816E+00), sigma=9.59568E-01, sigma.lab=8.28059E-01)
