list(y=c(7.01634E+00, 1.27052E+01, 1.57837E+00, 5.31146E+00, 2.38515E+00, 3.21410E+00, 1.69988E+00, 4.06753E+00, 4.80385E+00, 1.98553E+00, 5.79223E+01, 7.86557E+00, 1.50804E+00, 5.09250E+00, 4.83427E-01, 3.70616E+00, 3.24849E+00, 1.15643E+00, 4.54262E+00, 4.66641E+00, 1.22941E+00, 1.93026E+01, 7.87512E+00, 2.33507E+01, 1.66025E+00, 2.78846E+00, 3.13650E+00, 4.81790E+00, 5.62242E+00, 4.23739E+00, 4.88414E+00, 1.91521E+00, 4.80929E+00, 1.75911E+00, 1.41489E+00, 4.92822E+01, 2.65399E+00, 3.80351E+00, 4.93138E+00, 4.44269E+00, 1.85415E+00, 4.33683E+01, 1.69605E+00, 5.09801E-01, 3.60229E+00, 6.09311E+00, 5.63428E+00, 4.31606E+00, 1.63536E+00, 4.02242E+00, 1.44300E+00, 4.20196E+00, 1.73544E+00, 1.30040E+00, 8.36883E+01, 2.10144E+00, 6.50472E+00, 4.77868E+00, 5.96710E+00, 4.88257E+00, 1.52531E+00, 1.25737E+01, 7.62447E+00, 5.80161E+00, 7.62619E-01, 3.99380E+00, 2.22558E+00, 3.53766E+00, 6.97445E+00, 4.65930E+00, 5.29111E+00, 4.51370E+00, 1.17191E+00, 1.06516E+00, 9.48489E+01, 8.57195E-01, 4.46772E+00, 5.17685E+00, 4.84577E+00, 1.23020E+00, 4.96332E+00, 1.93089E+00, 5.90435E+01, 5.71327E+00, 5.00141E+00, 1.10371E+00, 1.33878E+00, 4.13995E+01, 7.59260E+00, 8.54422E+01, 1.31216E+00, 5.25263E+00, 3.92917E-01, 2.36983E+00, 3.44872E+00, 3.99706E+00, 6.83486E+00, 4.43526E+00, 5.84209E+00, 1.58745E+00, 1.04152E+00, 4.55847E+00, 1.23173E+00, 1.54940E+00, 2.69038E+01, 7.99174E+00, 3.97647E+01, 3.18479E+00, 4.61446E+00, 1.46998E+00, 1.22939E+00, 1.23034E+01, 1.43147E+00, 5.63894E+00, 3.97306E+00, 3.47028E+00, 3.99663E+00, 5.37482E+00, 4.22069E+00, 1.51526E+00, 4.95592E+00, 1.87303E+00, 4.78354E+00, 1.72659E+00, 1.61276E+01, 7.52432E+00, 1.37634E+00, 3.76651E-01, 3.66706E+00, 6.42956E+00, 1.34731E+00, 1.55219E+00, 1.37152E+00, 6.14970E+01, 1.18480E+00, 5.99235E+00, 3.61092E+00, 6.49159E+00, 4.72419E+00, 1.98489E+00, 1.98357E+00, 1.35473E+00, 7.62411E+00, 1.06701E+00, 5.89572E+00, 3.11489E+00, 3.60212E+00, 6.83003E+00, 4.47751E+00, 5.52907E+00, 4.18179E+00, 4.64765E+00, 1.70089E+00, 1.55135E+00, 7.89390E+00, 7.00122E-01, 2.09387E+00, 1.97878E+00, 1.84513E+00, 4.67153E+00, 1.52477E+00, 9.76631E+01, 7.57802E+00, 5.76211E+01, 5.10876E+00, 3.26210E+00, 3.83978E+00, 3.63097E+00, 6.36136E+00, 4.91330E+00, 4.95014E+00, 1.04810E+00, 1.96927E+00, 7.29323E+00, 3.12586E+01, 1.55280E+00, 5.14185E+00, 5.44617E+00, 4.84617E+00, 1.27108E+00, 7.16866E+00, 6.95527E+01, 5.91283E+00, 5.70999E-01, 3.40715E+00, 2.65400E+00, 6.90096E+00, 4.84487E+00, 1.27175E+00, 4.45939E+00, 1.46565E+00, 4.45794E+00, 1.47490E+00, 7.32629E+00, 1.28997E+00, 5.93468E+00, 4.96177E-01, 4.57581E+00, 4.13475E+00, 1.62270E+00, 4.81937E+00, 1.09610E+00, 8.41726E+01, 9.45628E+01, 1.48935E+00, 4.94214E-01, 3.36124E+00, 3.13496E+00, 3.92164E+00, 6.28723E+00, 4.88144E+00, 1.21582E+00, 1.48949E+00, 1.70540E+00, 3.38934E+01, 8.24718E+01, 1.75484E+00, 2.85163E+00, 4.87718E+00, 4.39887E+00, 1.78118E+00, 4.54213E+00, 1.01321E+00, 7.70541E+00, 8.69555E+01, 3.08964E+00, 2.79055E+00, 3.40753E+00, 6.16941E+00, 4.28169E+00, 4.87325E+00, 1.73233E+00, 4.54770E+00, 1.45290E+00, 1.48854E+01, 7.18978E+00, 1.26030E+00, 5.16250E+00, 2.17126E+00, 3.84729E+00, 3.20422E+00, 6.21075E+00, 4.98078E+00, 1.33999E+00, 1.74229E+00, 4.56983E+00, 1.99931E+00, 9.53459E+01, 3.36383E+00, 4.16308E+00, 1.67868E+00, 4.88929E+00, 1.96319E+00, 4.20373E+00, 1.79130E+00, 1.86141E+00, 7.18836E+01, 5.85413E-01, 3.71845E+00, 2.63336E+00, 3.65078E+00, 5.07705E+00, 4.40671E+00, 1.81705E+00, 1.16163E+00, 7.35182E+00, 5.88848E+01, 5.75323E+00, 1.83382E-01, 3.62490E+00, 2.08486E+00, 3.93100E+00, 6.52707E+00, 5.69007E+00, 4.15457E+00, 4.90956E+00, 1.66123E+01, 6.88954E+01, 3.74058E+00, 3.20403E+00, 4.80767E+00, 1.82807E+00, 4.35394E+00, 1.55343E+00, 9.25465E+01, 1.50114E+00, 3.87713E-01, 3.86973E+00, 2.95876E+00, 3.17447E+00, 6.59540E+00, 4.85497E+00, 5.74048E+00, 4.43009E+00, 4.03763E+00, 1.17728E+00, 1.95518E+00, 1.96740E+00, 1.35700E-01, 3.35903E+00, 6.19166E+00, 5.30266E+00, 4.79978E+00, 1.35530E+00, 7.23779E+00, 6.08675E+01, 1.95417E+00, 2.43910E+00, 3.07753E+00, 3.62351E+00, 6.11847E+00, 4.62183E+00, 5.73014E+00, 4.94718E+00, 1.04449E+00, 4.11800E+00, 1.59819E+00, 5.36831E+00, 8.71959E-01, 3.11920E+00, 2.34198E+00, 6.13635E+00, 1.85123E+00, 1.49637E+00, 4.48950E+00, 1.36501E+00, 4.56730E+01, 1.22131E+00, 5.39685E+00, 3.15532E+00, 2.46110E+00, 6.00044E+00, 4.78692E+00, 4.34715E+00, 1.62714E+00, 4.77835E+00, 4.60003E+00, 8.33648E+01, 3.99154E+00, 5.96166E+00, 1.29573E+00, 4.11807E+00, 4.20367E+00, 1.82499E+00, 1.51340E+00, 7.00480E+00, 1.43519E+00, 3.41599E+00, 2.02406E+00, 3.73394E+00, 6.46748E+00, 4.66902E+00, 5.96687E+00, 4.97884E+00, 1.26186E+00, 4.33416E+00, 1.00513E+00, 7.59922E+00, 1.70793E+01, 1.39388E+00, 2.14524E+00, 3.63107E+00, 3.89607E+00, 6.74160E+00, 4.86658E+00, 1.34248E+00, 4.66854E+00, 4.99900E+00, 1.14328E+00, 5.28074E+00, 2.92278E+00, 3.92036E+00, 4.30391E+00, 5.37878E+00, 4.57462E+00, 1.71094E+00, 1.41501E+00, 4.82611E+00, 1.48324E+00, 8.46434E+01, 4.31593E+01, 7.86111E-02, 3.89070E+00, 6.70286E+00, 4.08995E+00, 5.28913E+00, 4.39245E+00, 1.17292E+00, 4.69475E+00, 1.70979E+00, 3.22618E+01, 7.08562E+01, 1.73742E+00, 3.91464E+00, 6.35926E+00, 5.08540E+00, 1.04433E+00), b.lab=c(-5.12224E-02, 7.05452E-02, -8.28755E-02, -1.19440E-01, 1.04585E-01, -3.71126E-02, 5.95032E-02, 1.24881E-01, -4.40312E-02, -2.40010E-01, 2.10637E-01, 3.36128E-02, -1.39510E-02, 2.01255E-02, -1.32845E-01, 1.67859E-01, -1.28868E-01, 2.99853E-02, -4.69879E-03, 1.11405E-01), beta=c(2.80852E+00, 5.61291E-01, -1.00366E+00, 1.12924E+00, 1.92617E-01, -4.46328E-01, 1.14651E+00, -1.46207E+00, 6.70166E-01, 1.12615E+00, 9.30780E-01, -2.71520E-02, -6.85117E-01, 5.34924E-01, -2.00507E+00, 2.74422E+00, 9.06540E-02, 2.78818E-01, 1.04020E+00, 5.38161E-01), sigma=8.89779E-01, sigma.lab=1.95486E-01)
