list(y=c(7.50210E+00, 7.62822E+01, 1.06729E+00, 5.10795E+00, 2.71401E+00, 3.74525E+00, 1.86564E+00, 4.95984E+00, 4.09008E+00, 1.81105E+00, 3.32299E+01, 7.80025E+00, 1.25692E+00, 5.87598E+00, 1.98182E-01, 3.14794E+00, 3.15441E+00, 1.08082E+00, 4.25433E+00, 4.32675E+00, 1.82812E+00, 1.74173E+01, 7.17226E+00, 8.95609E+01, 1.50428E+00, 2.75323E+00, 3.52690E+00, 4.97328E+00, 5.79105E+00, 4.42332E+00, 4.44179E+00, 1.96354E+00, 4.19948E+00, 1.81303E+00, 1.33885E+00, 7.44796E+01, 2.23732E+00, 3.81993E+00, 4.45815E+00, 4.18529E+00, 1.34618E+00, 7.37340E+01, 1.07302E+00, 1.18007E-01, 3.89571E+00, 6.50603E+00, 5.46524E+00, 4.61805E+00, 1.55848E+00, 4.89064E+00, 1.77074E+00, 4.13140E+00, 1.51488E+00, 1.32181E+00, 9.71766E+01, 2.64347E+00, 6.48777E+00, 4.99225E+00, 5.31627E+00, 4.77883E+00, 1.76630E+00, 4.97367E+01, 7.34348E+00, 5.45616E+00, 2.98711E-01, 3.40068E+00, 2.49459E+00, 3.43766E+00, 6.60465E+00, 4.99488E+00, 5.18625E+00, 4.39312E+00, 1.58895E+00, 1.76537E+00, 5.56251E+01, 5.95798E-01, 4.82683E+00, 5.66518E+00, 4.84128E+00, 1.58334E+00, 4.50613E+00, 1.04490E+00, 9.44151E+01, 5.14975E+00, 5.13153E+00, 1.25124E+00, 1.30694E+00, 2.88190E+01, 7.41818E+00, 8.19547E+01, 1.01222E+00, 5.34590E+00, 4.86316E-01, 2.56829E+00, 3.45349E+00, 3.96715E+00, 6.96908E+00, 4.60528E+00, 5.67031E+00, 1.74523E+00, 1.47892E+00, 4.41347E+00, 1.70508E+00, 1.52957E+00, 8.43861E+01, 7.31736E+00, 3.04686E+01, 3.16464E+00, 4.71698E+00, 1.15926E+00, 1.02538E+00, 3.51780E+01, 1.46774E+00, 5.59610E+00, 3.62696E+00, 3.23727E+00, 3.02886E+00, 5.67831E+00, 4.49770E+00, 1.84019E+00, 4.26677E+00, 1.70837E+00, 4.54259E+00, 1.62215E+00, 5.16574E+01, 7.96335E+00, 1.51807E+00, 8.48499E-01, 3.29220E+00, 6.63060E+00, 1.80302E+00, 1.62954E+00, 1.28398E+00, 1.86948E+01, 1.08693E+00, 5.84851E+00, 3.49199E+00, 6.58471E+00, 4.68955E+00, 1.56104E+00, 1.12091E+00, 1.91810E+00, 7.96423E+00, 1.94348E+00, 5.74416E+00, 3.72238E+00, 3.90394E+00, 6.33732E+00, 4.70841E+00, 5.04820E+00, 4.06194E+00, 4.93208E+00, 1.76950E+00, 1.67708E+00, 7.34634E+00, 4.42117E-01, 2.76104E+00, 1.71595E+00, 1.87669E+00, 4.75644E+00, 1.82393E+00, 5.40136E+01, 7.43074E+00, 9.76196E+01, 5.97642E+00, 3.07131E+00, 3.52199E+00, 3.88260E+00, 6.31340E+00, 4.75370E+00, 4.31625E+00, 1.40618E+00, 1.57029E+00, 7.46022E+00, 8.29037E+01, 1.54703E+00, 5.82085E+00, 5.57488E+00, 4.31604E+00, 1.39249E+00, 7.25899E+00, 8.04804E+01, 5.63086E+00, 4.35274E-01, 3.10087E+00, 2.89215E+00, 6.18078E+00, 4.69594E+00, 1.27319E+00, 4.79546E+00, 1.57081E+00, 4.74059E+00, 1.88567E+00, 7.33992E+00, 1.29124E+00, 5.04278E+00, 4.98440E-01, 4.89687E+00, 4.53061E+00, 1.80869E+00, 4.25913E+00, 1.25012E+00, 7.90101E+01, 9.12124E+01, 1.16155E+00, 9.10922E-01, 3.41795E+00, 3.39666E+00, 3.41793E+00, 6.91642E+00, 4.80900E+00, 1.52285E+00, 1.87508E+00, 1.10053E+00, 6.30263E+01, 2.05273E+01, 1.41712E+00, 2.73048E+00, 4.93208E+00, 4.80350E+00, 1.68049E+00, 4.26317E+00, 1.24123E+00, 7.50388E+00, 6.01409E+01, 3.37238E+00, 2.34935E+00, 3.46410E+00, 6.99014E+00, 4.65192E+00, 4.32894E+00, 1.58065E+00, 4.30495E+00, 1.25762E+00, 2.43424E+01, 7.59079E+00, 1.37478E+00, 5.70491E+00, 2.55164E+00, 3.28992E+00, 3.29981E+00, 6.91897E+00, 4.36791E+00, 1.21961E+00, 1.28435E+00, 4.38069E+00, 1.95922E+00, 4.70709E+01, 3.82726E+00, 4.99783E+00, 1.25126E+00, 4.54919E+00, 1.39288E+00, 4.17340E+00, 1.36785E+00, 1.45664E+00, 6.12511E+01, 1.38759E-01, 3.07992E+00, 2.86288E+00, 3.88809E+00, 5.19890E+00, 4.87077E+00, 1.68648E+00, 1.78113E+00, 7.15191E+00, 5.60659E+01, 5.61529E+00, 2.75831E-01, 3.46458E+00, 2.86713E+00, 3.15909E+00, 6.18791E+00, 5.37298E+00, 4.34364E+00, 4.48823E+00, 1.68227E+01, 1.88622E+01, 3.63211E+00, 3.31169E+00, 4.76574E+00, 1.38484E+00, 4.58063E+00, 1.24714E+00, 9.13920E+01, 1.25132E+00, 9.29970E-01, 3.38603E+00, 2.11706E+00, 3.07121E+00, 6.44263E+00, 4.42709E+00, 5.91781E+00, 4.07767E+00, 4.37524E+00, 1.63534E+00, 1.11929E+00, 1.49488E+00, 7.18747E-03, 3.52650E+00, 6.63180E+00, 5.97812E+00, 4.03316E+00, 1.72282E+00, 7.25252E+00, 4.79365E+01, 1.18609E+00, 2.91284E+00, 3.58336E+00, 3.58205E+00, 6.45073E+00, 4.88720E+00, 5.49073E+00, 4.82790E+00, 1.27556E+00, 4.03569E+00, 1.00843E+00, 5.10918E+00, 4.51888E-02, 3.21920E+00, 2.41730E+00, 6.77966E+00, 1.95044E+00, 1.05220E+00, 4.02587E+00, 1.10817E+00, 5.46534E+01, 1.30460E+00, 5.14579E+00, 3.17265E+00, 2.72709E+00, 6.40436E+00, 4.42885E+00, 4.78204E+00, 1.53982E+00, 4.59114E+00, 4.45559E+00, 5.34783E+01, 3.30361E+00, 5.30510E+00, 1.85792E+00, 4.90511E+00, 4.01423E+00, 1.03549E+00, 1.35095E+00, 7.84904E+00, 1.92362E+00, 3.30479E+00, 2.60691E+00, 3.53867E+00, 6.04755E+00, 4.89162E+00, 5.47544E+00, 4.59985E+00, 1.02622E+00, 4.26812E+00, 1.66908E+00, 7.56687E+00, 9.73280E+01, 1.10562E+00, 2.28268E+00, 3.46811E+00, 3.36261E+00, 6.86617E+00, 4.77295E+00, 1.37042E+00, 4.67678E+00, 4.27586E+00, 1.58667E+00, 5.74979E+00, 2.30083E+00, 3.33769E+00, 4.48311E+00, 5.29064E+00, 4.47616E+00, 1.42298E+00, 1.74072E+00, 4.27920E+00, 1.66585E+00, 2.61105E+01, 2.22772E+01, 4.22021E-01, 3.22782E+00, 6.67792E+00, 4.38776E+00, 5.25254E+00, 4.57069E+00, 1.67078E+00, 4.45052E+00, 1.93186E+00, 8.28175E+01, 6.65944E+01, 1.74041E+00, 3.61227E+00, 6.32361E+00, 5.34935E+00, 1.63882E+00), b.lab=c(7.43248E-02, 7.37788E-02, 4.12516E-02, 1.16618E-01, 4.56662E-02, -8.16517E-02, 1.79221E-02, -3.28563E-02, -1.37913E-01, 8.84284E-03, -1.58717E-01, -6.07523E-02, 2.75849E-02, 1.33926E-01, -3.23344E-01, -1.21106E-02, -1.46000E-01, -4.76869E-02, -2.59959E-01, -7.58849E-03), beta=c(6.06751E-02, 1.56018E+00, -2.14771E-01, 4.36018E-01, -2.37294E+00, 1.48379E+00, -1.60862E+00, -9.83741E-01, -5.95705E-01, -2.72538E-01, 3.20997E-01, 1.49672E+00, 1.32147E+00, 6.16321E-01, 1.78734E-01, -4.65688E-01, -5.12489E-01, 7.79158E-02, -1.85439E+00, 1.11265E+00), sigma=6.20627E-01, sigma.lab=3.16091E-01)
