list(y=c(7.87451E+00, 8.69377E+01, 1.24510E+00, 5.34407E+00, 2.10089E+00, 3.05006E+00, 1.96349E+00, 4.71053E+00, 4.56875E+00, 1.53836E+00, 2.39610E+01, 7.39069E+00, 1.35777E+00, 5.76740E+00, 5.96792E-01, 3.23231E+00, 3.53725E+00, 1.37405E+00, 4.87316E+00, 4.52214E+00, 1.29807E+00, 8.60822E+01, 7.28797E+00, 8.19439E+01, 1.45325E+00, 2.26287E+00, 3.84590E+00, 4.00074E+00, 5.97851E+00, 4.50818E+00, 4.70423E+00, 1.28555E+00, 4.87649E+00, 1.36907E+00, 1.11173E+00, 1.04094E+01, 2.62186E+00, 3.86329E+00, 4.33068E+00, 4.39922E+00, 1.89311E+00, 4.97592E+01, 1.26482E+00, 5.82012E-02, 3.53421E+00, 6.39500E+00, 5.10096E+00, 4.11204E+00, 1.47499E+00, 4.68457E+00, 1.01522E+00, 4.79552E+00, 1.34528E+00, 1.59744E+00, 1.68324E+01, 2.27414E+00, 6.53128E+00, 4.51098E+00, 5.20025E+00, 4.74406E+00, 1.94202E+00, 7.45108E+01, 7.39066E+00, 5.91197E+00, 1.22884E-01, 3.86221E+00, 2.92698E+00, 3.11093E+00, 6.16507E+00, 4.83800E+00, 5.50071E+00, 4.46767E+00, 1.64164E+00, 1.90464E+00, 1.98000E+01, 3.13719E-01, 4.11047E+00, 5.95185E+00, 4.67417E+00, 1.64538E+00, 4.16814E+00, 1.22910E+00, 4.32734E+01, 5.54996E+00, 5.06919E+00, 1.19209E+00, 1.75542E+00, 1.73782E+01, 7.01832E+00, 7.41302E+01, 1.06605E+00, 5.98313E+00, 8.65256E-01, 2.29938E+00, 3.95532E+00, 3.48431E+00, 6.22445E+00, 4.62608E+00, 5.34673E+00, 1.06979E+00, 1.27600E+00, 4.08420E+00, 1.59186E+00, 1.84641E+00, 8.74967E+01, 7.00507E+00, 2.29670E+01, 3.34010E+00, 4.14822E+00, 1.50466E+00, 1.55134E+00, 6.39522E+01, 1.39996E+00, 5.09292E+00, 3.83745E+00, 3.09989E+00, 3.72735E+00, 5.63314E+00, 4.96340E+00, 1.21755E+00, 4.04732E+00, 1.93041E+00, 4.09193E+00, 1.30073E+00, 7.75613E+01, 7.98590E+00, 1.92755E+00, 2.15413E-01, 3.34358E+00, 6.78203E+00, 1.31315E+00, 1.76366E+00, 1.65618E+00, 9.18302E+01, 1.67230E+00, 5.85502E+00, 3.77812E+00, 6.91409E+00, 4.16545E+00, 1.17750E+00, 1.72051E+00, 1.89992E+00, 7.55735E+00, 1.36096E+00, 5.23351E+00, 3.88829E+00, 3.46445E+00, 6.49888E+00, 4.96625E+00, 5.50594E+00, 4.68339E+00, 4.51287E+00, 1.81612E+00, 1.35232E+00, 7.44237E+00, 2.98037E-01, 2.38243E+00, 1.32550E+00, 1.30912E+00, 4.06912E+00, 1.96115E+00, 1.10999E+01, 7.08568E+00, 6.84418E+01, 5.29118E+00, 3.98958E+00, 3.15403E+00, 3.51382E+00, 6.03523E+00, 4.34598E+00, 4.37931E+00, 1.45477E+00, 1.06579E+00, 7.52161E+00, 5.50108E+01, 1.76670E+00, 5.01554E+00, 5.41673E+00, 4.31790E+00, 1.38477E+00, 7.49715E+00, 2.19835E+01, 5.95184E+00, 1.38464E-01, 3.36077E+00, 2.98266E+00, 6.99044E+00, 4.82488E+00, 1.07664E+00, 4.07997E+00, 1.37331E+00, 4.98257E+00, 1.99633E+00, 7.62347E+00, 1.13028E+00, 5.87972E+00, 3.34274E-01, 4.01101E+00, 4.11811E+00, 1.64934E+00, 4.39774E+00, 1.21660E+00, 8.15905E+01, 8.48138E+01, 1.95305E+00, 3.55600E-01, 3.74979E+00, 3.81512E+00, 3.66172E+00, 6.41888E+00, 4.33757E+00, 1.84395E+00, 1.06293E+00, 1.38991E+00, 4.63670E+01, 7.33106E+01, 1.07164E+00, 2.78089E+00, 4.79767E+00, 4.36759E+00, 1.29484E+00, 4.13253E+00, 1.25260E+00, 7.57034E+00, 1.15106E+01, 3.48055E+00, 2.19423E+00, 3.16799E+00, 6.52694E+00, 4.42206E+00, 4.05046E+00, 1.89976E+00, 4.71904E+00, 1.46278E+00, 9.54399E+01, 7.46813E+00, 1.36171E+00, 5.82033E+00, 2.77551E+00, 3.84681E+00, 3.91532E+00, 6.42362E+00, 4.08696E+00, 1.14954E+00, 1.47361E+00, 4.86111E+00, 1.25169E+00, 7.86872E+01, 3.58308E+00, 4.75033E+00, 1.01496E+00, 4.26752E+00, 1.92240E+00, 4.52068E+00, 1.81534E+00, 1.17838E+00, 1.15669E+01, 5.94334E-01, 3.53458E+00, 2.71775E+00, 3.08256E+00, 5.30200E+00, 4.15031E+00, 1.50146E+00, 1.21608E+00, 7.68229E+00, 2.33308E+01, 5.44944E+00, 8.22923E-01, 3.18519E+00, 2.06653E+00, 3.24021E+00, 6.92145E+00, 5.71842E+00, 4.87656E+00, 4.66083E+00, 8.48536E+01, 6.94696E+01, 3.41941E+00, 3.33900E+00, 4.90598E+00, 1.56005E+00, 4.31846E+00, 1.88208E+00, 5.87709E+01, 1.37141E+00, 8.05155E-01, 3.43542E+00, 2.06756E+00, 3.55823E+00, 6.61360E+00, 4.85709E+00, 5.55387E+00, 4.97564E+00, 4.53137E+00, 1.47127E+00, 1.46060E+00, 1.62706E+00, 5.33718E-01, 3.31421E+00, 6.83090E+00, 5.98423E+00, 4.97514E+00, 1.26415E+00, 7.31864E+00, 9.07974E+01, 1.36114E+00, 2.43485E+00, 3.45767E+00, 3.11817E+00, 6.42026E+00, 4.68833E+00, 5.78356E+00, 4.41417E+00, 1.59337E+00, 4.70169E+00, 1.59669E+00, 5.95115E+00, 1.98290E-01, 3.90482E+00, 2.57837E+00, 6.24007E+00, 1.54009E+00, 1.49007E+00, 4.45390E+00, 1.49650E+00, 8.92293E+01, 1.37786E+00, 5.87954E+00, 3.75986E+00, 2.78270E+00, 6.26188E+00, 4.94558E+00, 4.80175E+00, 1.01458E+00, 4.88420E+00, 4.12942E+00, 3.69844E+01, 3.17555E+00, 5.26263E+00, 1.10939E+00, 4.32710E+00, 4.15502E+00, 1.38685E+00, 1.26391E+00, 7.78491E+00, 1.60114E+00, 3.60504E+00, 2.47749E+00, 3.39446E+00, 6.50177E+00, 4.99878E+00, 5.10299E+00, 4.65862E+00, 1.44160E+00, 4.12878E+00, 1.33913E+00, 7.78262E+00, 8.73007E+01, 1.73240E+00, 2.98182E+00, 3.78504E+00, 3.74003E+00, 6.96573E+00, 4.18574E+00, 1.89734E+00, 4.72971E+00, 4.36209E+00, 1.13723E+00, 5.28894E+00, 2.02672E+00, 3.26776E+00, 4.37207E+00, 5.99546E+00, 4.93643E+00, 1.16096E+00, 1.46478E+00, 4.10144E+00, 1.43025E+00, 6.74946E+01, 9.95921E+01, 6.34351E-01, 3.73028E+00, 6.25475E+00, 4.20176E+00, 5.23948E+00, 4.13018E+00, 1.89540E+00, 4.18643E+00, 1.62729E+00, 3.09759E+01, 7.61595E+01, 1.85605E+00, 3.29793E+00, 6.38402E+00, 5.04230E+00, 1.99549E+00), b.lab=c(-3.24699E-02, 4.52361E-04, -2.61967E-01, -9.57964E-02, 7.33014E-02, 9.27534E-02, 9.24947E-02, -4.20104E-02, -1.41479E-01, 3.16114E-02, 6.93627E-02, -1.96926E-02, -6.40966E-02, -9.17528E-02, -2.31341E-02, -6.76248E-02, -1.44932E-01, 5.05052E-02, 9.14221E-02, 1.59623E-01), beta=c(1.60321E-01, -4.02041E-01, -8.92176E-01, 1.08940E+00, 4.22341E-01, -2.48530E-01, 1.49121E+00, 4.66033E-01, 1.61183E+00, 7.62398E-01, 1.01145E+00, 5.73723E-01, -1.29683E-01, -6.39162E-01, 1.32642E-01, -6.95952E-01, -3.84072E-02, 1.03298E+00, 1.05597E+00, 1.14933E+00), sigma=2.31867E-01, sigma.lab=2.81543E-01)
