list(y=c(7.55908E+00, 2.23719E+01, 1.33593E+00, 5.75028E+00, 2.27135E+00, 3.65997E+00, 1.56162E+00, 4.75634E+00, 4.87195E+00, 1.08280E+00, 6.18055E+01, 7.89909E+00, 1.88437E+00, 5.18392E+00, 7.16063E-01, 3.60007E+00, 3.01588E+00, 1.95104E+00, 4.74592E+00, 4.51452E+00, 1.70721E+00, 2.80095E+01, 7.76688E+00, 9.96932E+01, 1.87661E+00, 2.23587E+00, 3.87591E+00, 4.72441E+00, 5.03226E+00, 4.42436E+00, 4.71864E+00, 1.55354E+00, 4.65720E+00, 1.80319E+00, 1.20356E+00, 2.25499E+01, 2.55456E+00, 3.80568E+00, 4.71914E+00, 4.95518E+00, 1.99296E+00, 6.81553E+01, 1.14328E+00, 2.32705E-01, 3.02623E+00, 6.23695E+00, 5.18308E+00, 4.34670E+00, 1.79050E+00, 4.91768E+00, 1.70875E+00, 4.19860E+00, 1.76856E+00, 1.30219E+00, 5.61017E+01, 2.55125E+00, 6.70535E+00, 4.03005E+00, 5.69940E+00, 4.91592E+00, 1.84680E+00, 4.84050E+01, 7.22245E+00, 5.99241E+00, 8.69605E-01, 3.15086E+00, 2.38385E+00, 3.53327E+00, 6.80054E+00, 4.05321E+00, 5.62024E+00, 4.80887E+00, 1.94843E+00, 1.42722E+00, 9.57155E+01, 5.45589E-01, 4.92450E+00, 5.79316E+00, 4.70321E+00, 1.58602E+00, 4.21085E+00, 1.59889E+00, 7.79852E+01, 5.08442E+00, 5.64191E+00, 1.91185E+00, 1.54452E+00, 1.76612E+01, 7.50973E+00, 9.81125E+01, 1.71153E+00, 5.28265E+00, 9.65770E-01, 2.45700E+00, 3.89598E+00, 3.18472E+00, 6.25308E+00, 4.54584E+00, 5.21370E+00, 1.02493E+00, 1.25499E+00, 4.16994E+00, 1.73589E+00, 1.95589E+00, 8.53942E+01, 7.54659E+00, 7.84259E+01, 3.37128E+00, 4.16391E+00, 1.68025E+00, 1.93186E+00, 5.67264E+01, 1.15838E+00, 5.04000E+00, 3.81501E+00, 3.08519E+00, 3.96308E+00, 5.18791E+00, 4.26979E+00, 1.16925E+00, 4.26601E+00, 1.88363E+00, 4.32657E+00, 1.80437E+00, 9.25935E+01, 7.43801E+00, 1.27714E+00, 8.66548E-01, 3.81375E+00, 6.41897E+00, 1.43702E+00, 1.46578E+00, 1.09246E+00, 3.32420E+01, 1.97002E+00, 5.37870E+00, 3.79160E+00, 6.53375E+00, 4.19433E+00, 1.06888E+00, 1.77365E+00, 1.52420E+00, 7.13842E+00, 1.33749E+00, 5.62052E+00, 3.60136E+00, 3.45948E+00, 6.80201E+00, 4.87815E+00, 5.78898E+00, 4.53959E+00, 4.97459E+00, 1.68734E+00, 1.43387E+00, 7.53151E+00, 9.04171E-01, 2.14679E+00, 1.71083E+00, 1.79113E+00, 4.60244E+00, 1.50421E+00, 7.26936E+01, 7.65475E+00, 4.18135E+01, 5.90798E+00, 3.11978E+00, 3.41518E+00, 3.77038E+00, 6.35061E+00, 4.25987E+00, 4.96367E+00, 1.05336E+00, 1.33262E+00, 7.66324E+00, 6.70891E+01, 1.48800E+00, 5.98543E+00, 5.49221E+00, 4.45162E+00, 1.96384E+00, 7.46120E+00, 9.99820E+01, 5.59969E+00, 7.46522E-01, 3.78683E+00, 2.81682E+00, 6.58930E+00, 4.92182E+00, 1.86204E+00, 4.43175E+00, 1.03665E+00, 4.76848E+00, 1.40184E+00, 7.06546E+00, 1.31056E+00, 5.07836E+00, 6.71573E-02, 4.90000E+00, 4.00472E+00, 1.33883E+00, 4.38042E+00, 1.39106E+00, 6.39742E+01, 9.59498E+01, 1.59582E+00, 9.31692E-01, 3.88142E+00, 3.42345E+00, 3.78231E+00, 6.95138E+00, 4.49900E+00, 1.50935E+00, 1.99379E+00, 1.90204E+00, 8.21380E+01, 8.54784E+01, 1.30328E+00, 2.05757E+00, 4.40990E+00, 4.68870E+00, 1.77552E+00, 4.33716E+00, 1.57941E+00, 7.64424E+00, 5.01713E+01, 3.54627E+00, 2.74047E+00, 3.84197E+00, 6.75870E+00, 4.05600E+00, 4.61323E+00, 1.75614E+00, 4.04190E+00, 1.95134E+00, 1.35785E+01, 7.08410E+00, 1.72867E+00, 5.25579E+00, 2.74416E+00, 3.62199E+00, 3.98305E+00, 6.11329E+00, 4.70418E+00, 1.08095E+00, 1.95076E+00, 4.29428E+00, 1.96304E+00, 4.90587E+01, 3.55358E+00, 4.87800E+00, 1.38168E+00, 4.68207E+00, 1.20923E+00, 4.40319E+00, 1.03947E+00, 1.10436E+00, 5.37660E+01, 3.65163E-01, 3.57005E+00, 2.38624E+00, 3.78103E+00, 5.24752E+00, 4.15984E+00, 1.23801E+00, 1.99300E+00, 7.99572E+00, 7.25041E+01, 5.03055E+00, 7.08303E-01, 3.22757E+00, 2.76736E+00, 3.95637E+00, 6.76329E+00, 5.80158E+00, 4.55888E+00, 4.87035E+00, 4.59359E+01, 3.49337E+01, 3.02834E+00, 3.59155E+00, 4.78270E+00, 1.85731E+00, 4.77061E+00, 1.27916E+00, 7.04123E+01, 1.50207E+00, 6.68075E-01, 3.62962E+00, 2.15764E+00, 3.58601E+00, 6.26553E+00, 4.36514E+00, 5.12725E+00, 4.18363E+00, 4.96901E+00, 1.76056E+00, 1.78420E+00, 1.08820E+00, 8.66383E-01, 3.13400E+00, 6.85195E+00, 5.90838E+00, 4.45334E+00, 1.59560E+00, 7.73837E+00, 4.55708E+01, 1.13321E+00, 2.10084E+00, 3.01097E+00, 3.49161E+00, 6.47415E+00, 4.95832E+00, 5.88252E+00, 4.58542E+00, 1.08197E+00, 4.39825E+00, 1.56311E+00, 5.04903E+00, 5.96117E-01, 3.97883E+00, 2.11060E+00, 6.09194E+00, 1.88034E+00, 1.02858E+00, 4.10767E+00, 1.12768E+00, 5.16840E+01, 1.27067E+00, 5.72531E+00, 3.77432E+00, 2.19216E+00, 6.25237E+00, 4.03624E+00, 4.27347E+00, 1.07651E+00, 4.22353E+00, 4.29436E+00, 2.48213E+01, 3.14200E+00, 5.15716E+00, 1.29795E+00, 4.97556E+00, 4.91809E+00, 1.50079E+00, 1.55434E+00, 7.86763E+00, 1.70535E+00, 3.71259E+00, 2.72791E+00, 3.89996E+00, 6.81683E+00, 4.31193E+00, 5.44635E+00, 4.07308E+00, 1.67826E+00, 4.18881E+00, 1.48219E+00, 7.47724E+00, 4.51463E+01, 1.12653E+00, 2.32100E+00, 3.53001E+00, 3.09506E+00, 6.84934E+00, 4.85119E+00, 1.89605E+00, 4.90224E+00, 4.69331E+00, 1.59168E+00, 5.94162E+00, 2.94006E+00, 3.95856E+00, 4.44342E+00, 5.16970E+00, 4.42720E+00, 1.36697E+00, 1.09930E+00, 4.90773E+00, 1.49788E+00, 7.77463E+01, 4.70803E+01, 9.75086E-01, 3.14871E+00, 6.08583E+00, 4.33813E+00, 5.13116E+00, 4.94371E+00, 1.62371E+00, 4.75144E+00, 1.63811E+00, 9.24504E+01, 9.03016E+01, 1.59780E+00, 3.49484E+00, 6.30735E+00, 5.46872E+00, 1.83833E+00), b.lab=c(-1.96807E-02, -1.83027E-02, -8.12940E-02, -9.11046E-02, -1.28550E-01, 1.36394E-01, 4.38653E-02, 8.91871E-02, -9.45551E-02, -8.29689E-02, -5.61097E-02, 2.14590E-02, 7.07025E-02, -2.87518E-01, -4.56261E-02, -6.91484E-02, -3.45782E-02, -3.59614E-02, 9.89005E-02, -2.98180E-02), beta=c(-6.72737E-01, 2.47942E-01, -1.08503E+00, 6.41944E-01, 6.97168E-01, 6.39299E-01, 8.58464E-01, 1.28179E+00, -1.03378E-01, -2.30404E-01, 1.50305E+00, -8.81026E-01, 6.27013E-01, 4.28635E-02, -9.05915E-01, -7.55644E-02, -1.61543E+00, 1.34443E-01, 1.69038E+00, 9.03765E-01), sigma=4.72273E-01, sigma.lab=5.41132E-01)
