list(y=c(7.69591E+00, 2.35459E+01, 1.85321E+00, 5.88934E+00, 2.98922E+00, 3.38271E+00, 1.00399E+00, 4.32678E+00, 4.12711E+00, 1.63998E+00, 6.86674E+01, 7.08945E+00, 1.62148E+00, 5.84285E+00, 1.34391E-01, 3.93677E+00, 3.35123E+00, 1.10081E+00, 4.69076E+00, 4.18883E+00, 1.81522E+00, 8.50692E+01, 7.27095E+00, 6.74328E+01, 1.33444E+00, 2.13893E+00, 3.68671E+00, 4.26250E+00, 5.50268E+00, 4.43656E+00, 4.82728E+00, 1.91175E+00, 4.76098E+00, 1.04403E+00, 1.98031E+00, 7.88702E+01, 2.09874E+00, 3.00253E+00, 4.71930E+00, 4.78524E+00, 1.54528E+00, 3.30636E+01, 1.40539E+00, 3.03113E-01, 3.68051E+00, 6.93867E+00, 5.78852E+00, 4.28774E+00, 1.25874E+00, 4.28415E+00, 1.59016E+00, 4.57966E+00, 1.68428E+00, 1.59233E+00, 8.33990E+01, 2.71957E+00, 6.53224E+00, 4.58065E+00, 5.54905E+00, 4.13050E+00, 1.52887E+00, 4.68114E+01, 7.63922E+00, 5.45279E+00, 2.68239E-01, 3.64803E+00, 2.77914E+00, 3.24914E+00, 6.78923E+00, 4.98666E+00, 5.05137E+00, 4.94504E+00, 1.53765E+00, 1.65130E+00, 9.78088E+01, 1.67341E-01, 4.99623E+00, 5.44946E+00, 4.71590E+00, 1.12871E+00, 4.70586E+00, 1.21715E+00, 3.14411E+01, 5.78552E+00, 5.00101E+00, 1.69146E+00, 1.89676E+00, 6.26461E+01, 7.95735E+00, 7.23927E+01, 1.46500E+00, 5.81588E+00, 3.62458E-01, 2.57530E+00, 3.36590E+00, 3.31975E+00, 6.77951E+00, 4.38229E+00, 5.88422E+00, 1.20795E+00, 1.18122E+00, 4.39325E+00, 1.60310E+00, 1.16026E+00, 3.23332E+01, 7.59492E+00, 4.78759E+01, 3.26534E+00, 4.40838E+00, 1.09605E+00, 1.96305E+00, 1.85455E+01, 1.21768E+00, 5.35815E+00, 3.48806E+00, 3.89046E+00, 3.36501E+00, 5.93099E+00, 4.25285E+00, 1.63190E+00, 4.48495E+00, 1.76060E+00, 4.12545E+00, 1.88262E+00, 2.46686E+01, 7.59445E+00, 1.30602E+00, 7.14029E-01, 3.99035E+00, 6.53723E+00, 1.57777E+00, 1.55874E+00, 1.37146E+00, 1.49783E+01, 1.80476E+00, 5.70153E+00, 3.91331E+00, 6.57888E+00, 4.13861E+00, 1.30292E+00, 1.57766E+00, 1.96962E+00, 7.48118E+00, 1.21418E+00, 5.94993E+00, 3.87246E+00, 3.69343E+00, 6.37260E+00, 4.76877E+00, 5.52259E+00, 4.46038E+00, 4.82486E+00, 1.42809E+00, 1.70039E+00, 7.99008E+00, 7.27165E-01, 2.38523E+00, 1.04744E+00, 1.97602E+00, 4.71939E+00, 1.69039E+00, 2.83085E+01, 7.92506E+00, 1.21646E+01, 5.96107E+00, 3.93189E+00, 3.08520E+00, 3.00277E+00, 6.91454E+00, 4.77726E+00, 4.09113E+00, 1.51611E+00, 1.80652E+00, 7.09243E+00, 3.74253E+01, 1.22897E+00, 5.49859E+00, 5.50892E+00, 4.47875E+00, 1.99734E+00, 7.19985E+00, 4.38288E+01, 5.31134E+00, 7.39542E-01, 3.98253E+00, 2.19907E+00, 6.64081E+00, 4.97833E+00, 1.87907E+00, 4.19447E+00, 1.59149E+00, 4.56588E+00, 1.91294E+00, 7.70426E+00, 1.82298E+00, 5.74219E+00, 9.78022E-01, 4.16466E+00, 4.85704E+00, 1.52130E+00, 4.40772E+00, 1.43505E+00, 2.14593E+01, 3.17576E+01, 1.99712E+00, 9.68530E-01, 3.78747E+00, 3.63331E+00, 3.50752E+00, 6.12794E+00, 4.78928E+00, 1.92156E+00, 1.37292E+00, 1.68769E+00, 1.10637E+01, 8.37218E+01, 1.68826E+00, 2.02622E+00, 4.70677E+00, 4.43789E+00, 1.78867E+00, 4.79694E+00, 1.88925E+00, 7.89466E+00, 1.31321E+01, 3.73487E+00, 2.06783E+00, 3.02638E+00, 6.15898E+00, 4.32117E+00, 4.78650E+00, 1.63100E+00, 4.80044E+00, 1.90357E+00, 5.72904E+01, 7.64400E+00, 1.30497E+00, 5.65748E+00, 2.51528E+00, 3.71564E+00, 3.50019E+00, 6.18713E+00, 4.07603E+00, 1.60209E+00, 1.78083E+00, 4.79782E+00, 1.43996E+00, 3.49289E+01, 3.14129E+00, 4.38893E+00, 1.46375E+00, 4.13301E+00, 1.02955E+00, 4.75156E+00, 1.56816E+00, 1.42946E+00, 9.66077E+01, 3.18534E-01, 3.20382E+00, 2.01540E+00, 3.35013E+00, 5.76638E+00, 4.96581E+00, 1.21464E+00, 1.90994E+00, 7.00683E+00, 7.96844E+01, 5.44330E+00, 1.53471E-01, 3.65124E+00, 2.26503E+00, 3.32885E+00, 6.38249E+00, 5.62851E+00, 4.50886E+00, 4.15552E+00, 2.17418E+01, 4.36361E+01, 3.63638E+00, 3.87099E+00, 4.73452E+00, 1.23905E+00, 4.70726E+00, 1.68493E+00, 2.94144E+01, 1.99669E+00, 9.28420E-01, 3.98943E+00, 2.17561E+00, 3.17025E+00, 6.09082E+00, 4.92409E+00, 5.34111E+00, 4.86722E+00, 4.84156E+00, 1.32469E+00, 1.42223E+00, 1.36550E+00, 5.30159E-01, 3.78657E+00, 6.78660E+00, 5.22408E+00, 4.08673E+00, 1.60932E+00, 7.28110E+00, 1.79945E+01, 1.61349E+00, 2.46808E+00, 3.76438E+00, 3.16817E+00, 6.22758E+00, 4.59038E+00, 5.15316E+00, 4.52175E+00, 1.53799E+00, 4.82812E+00, 1.85896E+00, 5.99066E+00, 6.94888E-03, 3.11949E+00, 2.49511E+00, 6.34670E+00, 1.09033E+00, 1.23638E+00, 4.16979E+00, 1.84902E+00, 4.09224E+01, 1.81806E+00, 5.86043E+00, 3.63372E+00, 2.90745E+00, 6.04746E+00, 4.93938E+00, 4.31404E+00, 1.61294E+00, 4.66803E+00, 4.13787E+00, 7.57580E+01, 3.30841E+00, 5.67051E+00, 1.99569E+00, 4.20674E+00, 4.34044E+00, 1.49800E+00, 1.86326E+00, 7.87281E+00, 1.14126E+00, 3.25667E+00, 2.14428E+00, 3.89676E+00, 6.42353E+00, 4.55526E+00, 5.47773E+00, 4.31101E+00, 1.05257E+00, 4.89836E+00, 1.73018E+00, 7.67699E+00, 6.95277E+01, 1.84792E+00, 2.28612E+00, 3.01904E+00, 3.78094E+00, 6.96575E+00, 4.93192E+00, 1.38531E+00, 4.28810E+00, 4.89969E+00, 1.40832E+00, 5.50758E+00, 2.26128E+00, 3.53307E+00, 4.05619E+00, 5.21591E+00, 4.73775E+00, 1.09008E+00, 1.62816E+00, 4.36749E+00, 1.82286E+00, 5.98961E+01, 9.50284E+00, 2.62795E-01, 3.11803E+00, 6.47736E+00, 4.18545E+00, 5.42808E+00, 4.86468E+00, 1.85575E+00, 4.94468E+00, 1.06251E+00, 4.25875E+01, 7.17784E+01, 1.93818E+00, 3.98783E+00, 6.96469E+00, 5.09709E+00, 1.53819E+00), b.lab=c(9.46511E-02, 1.56956E-01, 1.66279E-01, -1.31663E-01, -7.40622E-02, 9.61452E-02, 4.64093E-02, -8.56099E-02, 1.52244E-01, 1.84088E-02, -6.08066E-02, -1.29759E-01, -6.82264E-02, 6.85540E-02, -5.96081E-02, 1.54071E-01, 1.56974E-02, 1.51748E-02, 8.92662E-02, -1.30458E-01), beta=c(-9.33562E-01, 1.65523E+00, 1.48340E+00, -8.16355E-02, -2.84959E-01, -1.35645E+00, 2.51886E-02, -2.76131E-01, -1.52295E+00, -1.02305E-01, -1.83045E-01, -4.20059E-01, -1.16688E+00, -2.19937E-02, 2.70050E-01, 4.71441E-01, 1.22589E-01, -2.10953E+00, 3.80074E-01, -3.98975E-01), sigma=7.68587E-01, sigma.lab=4.05837E-01)
