list(y=c(7.57355E+00, 3.69505E+01, 1.10967E+00, 5.75429E+00, 2.46167E+00, 3.29693E+00, 1.66272E+00, 4.37788E+00, 4.62647E+00, 1.43930E+00, 1.98675E+01, 7.80091E+00, 1.99501E+00, 5.11214E+00, 6.36760E-01, 3.62810E+00, 3.60980E+00, 1.92369E+00, 4.87724E+00, 4.24502E+00, 1.21505E+00, 3.35430E+01, 7.43887E+00, 4.65624E+01, 1.89068E+00, 2.97963E+00, 3.14080E+00, 4.95271E+00, 5.44803E+00, 4.74657E+00, 4.37908E+00, 1.32195E+00, 4.69016E+00, 1.57152E+00, 1.22634E+00, 8.36438E+01, 2.26992E+00, 3.78165E+00, 4.63093E+00, 4.15930E+00, 1.63684E+00, 1.77863E+01, 1.75627E+00, 2.98521E-02, 3.10753E+00, 6.98678E+00, 5.90864E+00, 4.10198E+00, 1.53770E+00, 4.61841E+00, 1.76477E+00, 4.62995E+00, 1.29031E+00, 1.43477E+00, 1.77140E+01, 2.83263E+00, 6.96881E+00, 4.98992E+00, 5.12936E+00, 4.53413E+00, 1.18489E+00, 2.18822E+01, 7.08380E+00, 5.99781E+00, 8.19798E-01, 3.64445E+00, 2.07335E+00, 3.06335E+00, 6.30329E+00, 4.00349E+00, 5.12000E+00, 4.53819E+00, 1.39460E+00, 1.50766E+00, 8.89030E+01, 6.97117E-01, 4.79114E+00, 5.00919E+00, 4.89096E+00, 1.66622E+00, 4.45875E+00, 1.19300E+00, 8.36732E+01, 5.04052E+00, 5.70404E+00, 1.46692E+00, 1.58120E+00, 4.82732E+01, 7.37417E+00, 9.41662E+01, 1.46447E+00, 5.77705E+00, 9.53635E-01, 2.67954E+00, 3.09235E+00, 3.30172E+00, 6.64159E+00, 4.75159E+00, 5.20512E+00, 1.29705E+00, 1.04996E+00, 4.08430E+00, 1.63568E+00, 1.43885E+00, 7.70450E+01, 7.05752E+00, 2.33041E+01, 3.47393E+00, 4.26206E+00, 1.35707E+00, 1.85048E+00, 5.59526E+01, 1.81040E+00, 5.38400E+00, 3.69477E+00, 3.74570E+00, 3.94397E+00, 5.66132E+00, 4.19401E+00, 1.95335E+00, 4.14950E+00, 1.32727E+00, 4.60168E+00, 1.63394E+00, 2.80228E+01, 7.76330E+00, 1.11217E+00, 1.74886E-01, 3.58891E+00, 6.83496E+00, 1.71280E+00, 1.03115E+00, 1.28141E+00, 1.92657E+01, 1.61253E+00, 5.36697E+00, 3.44046E+00, 6.58709E+00, 4.57828E+00, 1.10543E+00, 1.51632E+00, 1.44753E+00, 7.19964E+00, 1.37942E+00, 5.81684E+00, 3.31041E+00, 3.04470E+00, 6.00291E+00, 4.67305E+00, 5.90426E+00, 4.28336E+00, 4.87829E+00, 1.42742E+00, 1.81676E+00, 7.37400E+00, 3.19328E-01, 2.03625E+00, 1.24814E+00, 1.19045E+00, 4.88869E+00, 1.36450E+00, 5.70857E+01, 7.21774E+00, 3.70784E+01, 5.44402E+00, 3.70631E+00, 3.94083E+00, 3.63810E+00, 6.54168E+00, 4.08586E+00, 4.63298E+00, 1.82627E+00, 1.84425E+00, 7.40704E+00, 5.52831E+01, 1.21780E+00, 5.81417E+00, 5.19838E+00, 4.51301E+00, 1.83687E+00, 7.58687E+00, 4.04001E+01, 5.33279E+00, 8.24653E-01, 3.59615E+00, 2.12095E+00, 6.13439E+00, 4.13895E+00, 1.27312E+00, 4.81603E+00, 1.05602E+00, 4.16700E+00, 1.83904E+00, 7.53143E+00, 1.77043E+00, 5.22866E+00, 3.67112E-01, 4.08516E+00, 4.03245E+00, 1.00623E+00, 4.84273E+00, 1.59023E+00, 4.01752E+01, 5.14171E+01, 1.65060E+00, 9.40341E-01, 3.00453E+00, 3.26727E+00, 3.06293E+00, 6.51752E+00, 4.19008E+00, 1.40328E+00, 1.56843E+00, 1.39622E+00, 2.07932E+01, 1.55908E+01, 1.48582E+00, 2.18977E+00, 4.11324E+00, 4.10172E+00, 1.46121E+00, 4.75440E+00, 1.99879E+00, 7.37227E+00, 7.85678E+01, 3.88927E+00, 2.52315E+00, 3.09288E+00, 6.49929E+00, 4.66776E+00, 4.50097E+00, 1.77139E+00, 4.97807E+00, 1.31467E+00, 7.19916E+01, 7.04210E+00, 1.20703E+00, 5.13530E+00, 2.86945E+00, 3.57274E+00, 3.08062E+00, 6.92578E+00, 4.47566E+00, 1.69578E+00, 1.75215E+00, 4.97457E+00, 1.99756E+00, 6.30411E+01, 3.52128E+00, 4.77115E+00, 1.49805E+00, 4.22030E+00, 1.21702E+00, 4.51122E+00, 1.57185E+00, 1.55261E+00, 9.06422E+01, 8.28443E-01, 3.44655E+00, 2.81772E+00, 3.59730E+00, 5.56197E+00, 4.33366E+00, 1.59541E+00, 1.85095E+00, 7.81503E+00, 8.75908E+01, 5.39425E+00, 9.01332E-01, 3.14516E+00, 2.21625E+00, 3.55060E+00, 6.45489E+00, 5.63392E+00, 4.59603E+00, 4.58165E+00, 5.56590E+01, 1.71561E+01, 3.48586E+00, 3.98858E+00, 4.96290E+00, 1.24166E+00, 4.33997E+00, 1.31952E+00, 8.57697E+01, 1.44190E+00, 6.20254E-02, 3.92426E+00, 2.51039E+00, 3.68354E+00, 6.72538E+00, 4.11799E+00, 5.59121E+00, 4.50069E+00, 4.36535E+00, 1.48689E+00, 1.40432E+00, 1.38914E+00, 5.38218E-01, 3.58762E+00, 6.32671E+00, 5.55562E+00, 4.12440E+00, 1.50913E+00, 7.78676E+00, 9.66611E+01, 1.86175E+00, 2.89187E+00, 3.16992E+00, 3.05640E+00, 6.47464E+00, 4.64292E+00, 5.78262E+00, 4.32938E+00, 1.56271E+00, 4.62648E+00, 1.20075E+00, 5.69174E+00, 6.02238E-01, 3.21780E+00, 2.00327E+00, 6.96069E+00, 1.29049E+00, 1.35854E+00, 4.65977E+00, 1.08204E+00, 4.78947E+01, 1.24577E+00, 5.02451E+00, 3.67856E+00, 2.56871E+00, 6.46453E+00, 4.52301E+00, 4.90681E+00, 1.64301E+00, 4.00068E+00, 4.09555E+00, 5.61151E+01, 3.21761E+00, 5.89251E+00, 1.43764E+00, 4.26392E+00, 4.88981E+00, 1.07979E+00, 1.16500E+00, 7.61070E+00, 1.79734E+00, 3.08837E+00, 2.89509E+00, 3.26670E+00, 6.12450E+00, 4.81372E+00, 5.56483E+00, 4.55968E+00, 1.64887E+00, 4.61704E+00, 1.40423E+00, 7.66524E+00, 9.74175E+01, 1.56088E+00, 2.18096E+00, 3.46133E+00, 3.85761E+00, 6.48307E+00, 4.72319E+00, 1.50967E+00, 4.87584E+00, 4.08617E+00, 1.05422E+00, 5.21730E+00, 2.97150E+00, 3.42058E+00, 4.59700E+00, 5.81535E+00, 4.98661E+00, 1.16480E+00, 1.08379E+00, 4.53371E+00, 1.45018E+00, 3.29236E+01, 4.54831E+01, 5.12812E-01, 3.38768E+00, 6.13280E+00, 4.06411E+00, 5.03126E+00, 4.29325E+00, 1.12674E+00, 4.91116E+00, 1.99391E+00, 9.65553E+01, 7.56999E+01, 1.13374E+00, 3.06472E+00, 6.54072E+00, 5.73116E+00, 1.06230E+00), b.lab=c(-1.60729E-02, 5.96403E-02, -5.71619E-03, 4.37008E-02, 3.72108E-02, -1.07932E-01, -1.30791E-01, 3.93589E-02, -9.36694E-02, -1.23910E-01, 1.44933E-01, 4.77270E-02, -6.12330E-02, -2.62711E-01, -3.40088E-02, 3.07717E-02, 1.67206E-01, 8.30785E-02, 3.44464E-02, 6.76382E-02), beta=c(-6.48508E-01, -6.95262E-01, -9.57788E-01, 4.11218E-01, 7.16025E-01, 4.12858E-01, 9.16025E-01, -1.56645E-01, 6.36374E-02, -1.88918E+00, -2.74933E-01, 1.57752E+00, -1.02084E+00, -4.35546E-01, 6.72486E-01, 4.41259E-01, -1.61674E-01, -2.40009E-01, 1.23769E+00, 4.73370E-03), sigma=9.57046E-01, sigma.lab=6.47326E-01)
