list(y=c(7.87029E+00, 5.58936E+01, 1.81781E+00, 5.68063E+00, 2.56349E+00, 3.91051E+00, 1.10554E+00, 4.28248E+00, 4.36539E+00, 1.22046E+00, 3.31926E+01, 7.75559E+00, 1.79679E+00, 5.16640E+00, 2.00559E-01, 3.14760E+00, 3.41656E+00, 1.17476E+00, 4.72190E+00, 4.90466E+00, 1.81975E+00, 3.36331E+01, 7.18287E+00, 1.41874E+01, 1.92180E+00, 2.53238E+00, 3.27529E+00, 4.31218E+00, 5.44275E+00, 4.11612E+00, 4.71863E+00, 1.85514E+00, 4.90105E+00, 1.96155E+00, 1.10829E+00, 9.27308E+01, 2.19306E+00, 3.54615E+00, 4.43159E+00, 4.70845E+00, 1.41358E+00, 8.23036E+01, 1.21041E+00, 6.90292E-01, 3.19052E+00, 6.27061E+00, 5.78103E+00, 4.50803E+00, 1.68193E+00, 4.82338E+00, 1.03475E+00, 4.80500E+00, 1.92682E+00, 1.08630E+00, 2.29877E+01, 2.38782E+00, 6.31408E+00, 4.25021E+00, 5.64042E+00, 4.90113E+00, 1.12431E+00, 5.91826E+01, 7.73463E+00, 5.33023E+00, 6.39398E-01, 3.90811E+00, 2.70271E+00, 3.73780E+00, 6.92774E+00, 4.25050E+00, 5.02331E+00, 4.43905E+00, 1.27094E+00, 1.50779E+00, 8.51317E+01, 3.09501E-01, 4.58408E+00, 5.81995E+00, 4.62710E+00, 1.17946E+00, 4.94419E+00, 1.68740E+00, 7.05322E+01, 5.53418E+00, 5.11628E+00, 1.06907E+00, 1.72703E+00, 5.48540E+01, 7.69773E+00, 8.58959E+01, 1.99844E+00, 5.73305E+00, 8.70005E-01, 2.13060E+00, 3.77818E+00, 3.63005E+00, 6.51607E+00, 4.03111E+00, 5.66570E+00, 1.01060E+00, 1.21103E+00, 4.97163E+00, 1.01809E+00, 1.82584E+00, 5.80569E+01, 7.45607E+00, 6.95763E+01, 3.11305E+00, 4.30867E+00, 1.15630E+00, 1.26095E+00, 2.18330E+01, 1.15435E+00, 5.93287E+00, 3.29944E+00, 3.05593E+00, 3.88731E+00, 5.98851E+00, 4.85205E+00, 1.62778E+00, 4.83915E+00, 1.79485E+00, 4.41127E+00, 1.44859E+00, 3.66337E+01, 7.46623E+00, 1.95352E+00, 4.25711E-01, 3.74694E+00, 6.41650E+00, 1.78655E+00, 1.51210E+00, 1.71644E+00, 6.19440E+01, 1.80707E+00, 5.72543E+00, 3.23848E+00, 6.21386E+00, 4.91318E+00, 1.33033E+00, 1.42544E+00, 1.07668E+00, 7.43029E+00, 1.02569E+00, 5.72809E+00, 3.15414E+00, 3.76621E+00, 6.93403E+00, 4.29474E+00, 5.55896E+00, 4.88032E+00, 4.30708E+00, 1.63498E+00, 1.93616E+00, 7.39059E+00, 5.40452E-01, 2.17242E+00, 1.78108E+00, 1.33407E+00, 4.16249E+00, 1.48068E+00, 3.46516E+01, 7.53003E+00, 8.97856E+01, 5.42482E+00, 3.25431E+00, 3.81144E+00, 3.79921E+00, 6.81840E+00, 4.67582E+00, 4.31716E+00, 1.16171E+00, 1.16693E+00, 7.43204E+00, 5.58066E+01, 1.27463E+00, 5.96514E+00, 5.55648E+00, 4.24682E+00, 1.21821E+00, 7.48474E+00, 2.27522E+01, 5.07484E+00, 4.91884E-01, 3.08689E+00, 2.48594E+00, 6.87989E+00, 4.21363E+00, 1.31535E+00, 4.76994E+00, 1.52826E+00, 4.01401E+00, 1.34290E+00, 7.47466E+00, 1.31390E+00, 5.62007E+00, 6.30789E-01, 4.65128E+00, 4.63671E+00, 1.75334E+00, 4.98717E+00, 1.23422E+00, 2.78982E+01, 4.02228E+01, 1.39913E+00, 9.12514E-01, 3.02245E+00, 3.62312E+00, 3.01351E+00, 6.23387E+00, 4.46763E+00, 1.25111E+00, 1.03741E+00, 1.51237E+00, 2.01951E+01, 2.00438E+01, 1.26196E+00, 2.99407E+00, 4.26030E+00, 4.81021E+00, 1.66918E+00, 4.30970E+00, 1.46763E+00, 7.70209E+00, 9.30342E+01, 3.63461E+00, 2.14606E+00, 3.31222E+00, 6.89514E+00, 4.38576E+00, 4.72183E+00, 1.70985E+00, 4.79405E+00, 1.89510E+00, 9.10441E+01, 7.38991E+00, 1.23852E+00, 5.80113E+00, 2.62196E+00, 3.90040E+00, 3.44005E+00, 6.16796E+00, 4.33356E+00, 1.32129E+00, 1.22013E+00, 4.65401E+00, 1.34007E+00, 9.42452E+01, 3.78368E+00, 4.88514E+00, 1.47364E+00, 4.90733E+00, 1.15360E+00, 4.18778E+00, 1.01689E+00, 1.79613E+00, 9.93531E+01, 1.14235E-01, 3.04086E+00, 2.52444E+00, 3.12944E+00, 5.25570E+00, 4.62277E+00, 1.48952E+00, 1.45085E+00, 7.82938E+00, 5.24525E+01, 5.73556E+00, 1.99017E-01, 3.27828E+00, 2.18653E+00, 3.06499E+00, 6.42346E+00, 5.74434E+00, 4.70680E+00, 4.60301E+00, 3.89630E+01, 2.43349E+01, 3.44485E+00, 3.13066E+00, 4.83424E+00, 1.31029E+00, 4.29363E+00, 1.49707E+00, 6.68107E+01, 1.27636E+00, 7.16797E-01, 3.09507E+00, 2.05071E+00, 3.54712E+00, 6.05258E+00, 4.50100E+00, 5.91513E+00, 4.78912E+00, 4.41156E+00, 1.48674E+00, 1.86280E+00, 1.34597E+00, 7.42676E-01, 3.30820E+00, 6.09672E+00, 5.63183E+00, 4.91834E+00, 1.92128E+00, 7.95469E+00, 7.65935E+01, 1.29111E+00, 2.44426E+00, 3.84339E+00, 3.19035E+00, 6.40466E+00, 4.93487E+00, 5.49837E+00, 4.51565E+00, 1.35586E+00, 4.37491E+00, 1.61412E+00, 5.53454E+00, 9.51020E-01, 3.21980E+00, 2.40909E+00, 6.03828E+00, 1.21166E+00, 1.86201E+00, 4.39413E+00, 1.50078E+00, 4.23472E+01, 1.85420E+00, 5.22946E+00, 3.48306E+00, 2.30114E+00, 6.26307E+00, 4.28985E+00, 4.87004E+00, 1.20069E+00, 4.88183E+00, 4.22217E+00, 8.18610E+01, 3.27472E+00, 5.76610E+00, 1.51885E+00, 4.35288E+00, 4.49970E+00, 1.79225E+00, 1.86327E+00, 7.68185E+00, 1.57978E+00, 3.69625E+00, 2.30844E+00, 3.52589E+00, 6.87547E+00, 4.45140E+00, 5.87959E+00, 4.53512E+00, 1.25783E+00, 4.17297E+00, 1.60216E+00, 7.85294E+00, 2.18713E+01, 1.86167E+00, 2.47145E+00, 3.37409E+00, 3.41297E+00, 6.60527E+00, 4.81395E+00, 1.74635E+00, 4.52909E+00, 4.77418E+00, 1.98574E+00, 5.50714E+00, 2.35430E+00, 3.30115E+00, 4.59343E+00, 5.22888E+00, 4.92979E+00, 1.81820E+00, 1.95368E+00, 4.54338E+00, 1.67372E+00, 6.65028E+01, 7.08934E+01, 2.82906E-01, 3.60085E+00, 6.75511E+00, 4.62359E+00, 5.23356E+00, 4.29958E+00, 1.56993E+00, 4.41092E+00, 1.55486E+00, 2.36282E+01, 2.49639E+01, 1.94398E+00, 3.63818E+00, 6.78343E+00, 5.45679E+00, 1.46796E+00), b.lab=c(-6.34758E-02, -1.17011E-01, 5.24917E-02, 4.98588E-02, -6.50532E-02, 7.02914E-02, -2.50826E-02, -1.70010E-01, 4.47565E-02, -2.51397E-01, 4.48432E-02, 1.45758E-01, 5.57351E-02, 1.00840E-01, 9.67804E-02, 1.28064E-01, 1.34898E-02, -1.38176E-01, -4.32037E-02, -4.63455E-03), beta=c(1.86622E+00, 2.29069E-01, 1.24178E+00, -2.90403E-02, -2.39862E+00, -9.97895E-01, 1.68607E+00, -7.27867E-01, -1.21856E+00, 9.18134E-02, -3.76829E-01, 3.05963E-01, -1.87013E-01, -1.12826E-01, -6.63214E-02, -9.61323E-01, 3.78387E-01, 3.61896E-01, 1.54562E+00, -1.68002E+00), sigma=1.54636E-01, sigma.lab=1.99792E-01)
