list(y=c(7.88990E+00, 8.11946E+01, 1.82312E+00, 5.56747E+00, 2.94601E+00, 3.66939E+00, 1.09089E+00, 4.34635E+00, 4.62267E+00, 1.31187E+00, 2.31874E+01, 7.05469E+00, 1.65184E+00, 5.52410E+00, 1.03427E-01, 3.39338E+00, 3.40463E+00, 1.21341E+00, 4.34295E+00, 4.40555E+00, 1.44281E+00, 1.51446E+01, 7.29032E+00, 3.44502E+01, 1.33319E+00, 2.84445E+00, 3.86325E+00, 4.54872E+00, 5.91307E+00, 4.23374E+00, 4.84112E+00, 1.52692E+00, 4.54386E+00, 1.92379E+00, 1.67165E+00, 9.48243E+01, 2.61080E+00, 3.95009E+00, 4.90260E+00, 4.86211E+00, 1.63959E+00, 9.66436E+01, 1.59681E+00, 1.06232E-01, 3.23150E+00, 6.84876E+00, 5.70207E+00, 4.42119E+00, 1.68753E+00, 4.22829E+00, 1.20254E+00, 4.14836E+00, 1.93654E+00, 1.86912E+00, 8.86296E+01, 2.11960E+00, 6.90664E+00, 4.60396E+00, 5.13616E+00, 4.46846E+00, 1.48111E+00, 7.98692E+01, 7.76004E+00, 5.81972E+00, 1.24885E-01, 3.95074E+00, 2.14149E+00, 3.91168E+00, 6.07552E+00, 4.60108E+00, 5.32114E+00, 4.24298E+00, 1.47895E+00, 1.45285E+00, 4.09370E+01, 9.94008E-02, 4.18416E+00, 5.09489E+00, 4.24292E+00, 1.72585E+00, 4.01366E+00, 1.43946E+00, 2.40761E+01, 5.19503E+00, 5.34106E+00, 1.72044E+00, 1.30730E+00, 7.15904E+01, 7.37451E+00, 9.21292E+00, 1.11970E+00, 5.29445E+00, 2.13092E-01, 2.18614E+00, 3.71207E+00, 3.24771E+00, 6.12186E+00, 4.53774E+00, 5.60721E+00, 1.59018E+00, 1.13660E+00, 4.98155E+00, 1.09553E+00, 1.94841E+00, 3.27627E+01, 7.02216E+00, 1.91709E+01, 3.75012E+00, 4.73594E+00, 1.05802E+00, 1.67776E+00, 5.29435E+01, 1.60492E+00, 5.58226E+00, 3.23353E+00, 3.86568E+00, 3.32138E+00, 5.17377E+00, 4.46962E+00, 1.48483E+00, 4.70538E+00, 1.38830E+00, 4.06321E+00, 1.34921E+00, 1.34269E+01, 7.18070E+00, 1.24549E+00, 6.64766E-01, 3.28874E+00, 6.60517E+00, 1.10421E+00, 1.34067E+00, 1.33209E+00, 2.83724E+01, 1.64421E+00, 5.33484E+00, 3.67543E+00, 6.09092E+00, 4.03017E+00, 1.51154E+00, 1.33344E+00, 1.49907E+00, 7.47534E+00, 1.26217E+00, 5.01729E+00, 3.45551E+00, 3.55295E+00, 6.40126E+00, 4.20239E+00, 5.42241E+00, 4.67217E+00, 4.14133E+00, 1.90615E+00, 1.41671E+00, 7.23112E+00, 6.36247E-01, 2.23184E+00, 1.31429E+00, 1.12491E+00, 4.84249E+00, 1.24988E+00, 9.18319E+01, 7.21693E+00, 4.60561E+01, 5.37472E+00, 3.30334E+00, 3.99367E+00, 3.96004E+00, 6.39669E+00, 4.02420E+00, 4.63400E+00, 1.34081E+00, 1.89320E+00, 7.73020E+00, 4.32091E+01, 1.84402E+00, 5.81903E+00, 5.04325E+00, 4.93959E+00, 1.28273E+00, 7.05272E+00, 3.02073E+01, 5.20193E+00, 5.53485E-01, 3.16168E+00, 2.22365E+00, 6.59301E+00, 4.44598E+00, 1.62549E+00, 4.46296E+00, 1.28076E+00, 4.16224E+00, 1.78721E+00, 7.47164E+00, 1.96135E+00, 5.38046E+00, 6.83329E-01, 4.28651E+00, 4.71618E+00, 1.26629E+00, 4.25655E+00, 1.55362E+00, 4.85431E+01, 8.95166E+01, 1.76995E+00, 8.68362E-01, 3.37195E+00, 3.20219E+00, 3.57945E+00, 6.30018E+00, 4.12786E+00, 1.46741E+00, 1.14136E+00, 1.22765E+00, 9.15103E+01, 5.18216E+01, 1.60473E+00, 2.44414E+00, 4.06179E+00, 4.45592E+00, 1.96783E+00, 4.04727E+00, 1.51232E+00, 7.83822E+00, 2.42583E+01, 3.48866E+00, 2.61284E+00, 3.07060E+00, 6.57652E+00, 4.11611E+00, 4.85137E+00, 1.41281E+00, 4.31944E+00, 1.34912E+00, 4.42481E+01, 7.82018E+00, 1.98683E+00, 5.43773E+00, 2.21479E+00, 3.44689E+00, 3.06401E+00, 6.94084E+00, 4.89509E+00, 1.32980E+00, 1.67930E+00, 4.08879E+00, 1.26551E+00, 6.60772E+01, 3.89203E+00, 4.55457E+00, 1.25723E+00, 4.62686E+00, 1.00867E+00, 4.05558E+00, 1.75840E+00, 1.08192E+00, 5.49746E+01, 7.38867E-01, 3.68082E+00, 2.99758E+00, 3.18071E+00, 5.03196E+00, 4.74711E+00, 1.97762E+00, 1.07363E+00, 7.15989E+00, 8.92642E+01, 5.11925E+00, 7.64391E-01, 3.08997E+00, 2.09108E+00, 3.48531E+00, 6.29800E+00, 5.77265E+00, 4.16730E+00, 4.52247E+00, 9.79840E+01, 9.75093E+01, 3.88558E+00, 3.36752E+00, 4.10742E+00, 1.12721E+00, 4.65479E+00, 1.80590E+00, 9.12504E+01, 1.81507E+00, 8.77552E-01, 3.77178E+00, 2.82769E+00, 3.81303E+00, 6.83655E+00, 4.46576E+00, 5.92818E+00, 4.97406E+00, 4.88720E+00, 1.46164E+00, 1.91321E+00, 1.75594E+00, 2.55156E-01, 3.79979E+00, 6.86212E+00, 5.44321E+00, 4.85608E+00, 1.44513E+00, 7.08501E+00, 7.56579E+01, 1.51238E+00, 2.19778E+00, 3.46919E+00, 3.56692E+00, 6.06252E+00, 4.42914E+00, 5.20538E+00, 4.89261E+00, 1.60380E+00, 4.23997E+00, 1.82414E+00, 5.79058E+00, 2.93309E-01, 3.24549E+00, 2.94949E+00, 6.82242E+00, 1.25290E+00, 1.43149E+00, 4.39328E+00, 1.70583E+00, 9.23123E+01, 1.93554E+00, 5.99704E+00, 3.77967E+00, 2.73203E+00, 6.60690E+00, 4.70854E+00, 4.06869E+00, 1.14659E+00, 4.12187E+00, 4.17917E+00, 1.43605E+01, 3.11235E+00, 5.95267E+00, 1.39887E+00, 4.13672E+00, 4.71983E+00, 1.55132E+00, 1.22307E+00, 7.24997E+00, 1.28500E+00, 3.40840E+00, 2.69505E+00, 3.37310E+00, 6.90862E+00, 4.74736E+00, 5.66237E+00, 4.84220E+00, 1.13772E+00, 4.42709E+00, 1.94825E+00, 7.98301E+00, 4.21751E+01, 1.11543E+00, 2.91786E+00, 3.78897E+00, 3.38467E+00, 6.74735E+00, 4.33645E+00, 1.82213E+00, 4.88969E+00, 4.36098E+00, 1.36071E+00, 5.73795E+00, 2.51251E+00, 3.01057E+00, 4.77418E+00, 5.42942E+00, 4.22943E+00, 1.20150E+00, 1.40262E+00, 4.87814E+00, 1.64593E+00, 8.42815E+01, 7.36040E+01, 5.59496E-01, 3.68592E+00, 6.57116E+00, 4.37371E+00, 5.17832E+00, 4.50468E+00, 1.65495E+00, 4.24765E+00, 1.96984E+00, 2.98938E+01, 3.45880E+01, 1.32089E+00, 3.82635E+00, 6.38802E+00, 5.00926E+00, 1.06707E+00), b.lab=c(-2.28799E-02, -1.57958E-02, 1.87112E-01, 4.75928E-02, 1.14178E-02, 4.15281E-03, 7.27771E-04, 4.00489E-03, -1.39373E-01, -6.29081E-02, -8.70620E-04, -2.99915E-02, 1.90901E-01, 8.82484E-03, 9.53885E-02, 5.45561E-02, -3.11877E-02, 1.39904E-01, -6.33671E-02, 3.02212E-02), beta=c(5.10354E-02, 5.20146E-01, 1.54729E-01, 7.16593E-01, 1.12949E+00, -3.70288E-01, 1.65209E+00, 7.29776E-01, 3.38025E-01, 1.49425E-01, 5.68950E-01, -1.68543E+00, -8.68934E-01, 9.69828E-01, 1.18780E-01, -2.83525E-01, 6.91821E-02, 1.91725E+00, -1.32223E+00, 2.97242E-02), sigma=9.38160E-01, sigma.lab=7.19769E-01)
