list(y=c(7.80802E+00, 5.95938E+01, 1.55183E+00, 5.00061E+00, 2.07672E+00, 3.70432E+00, 1.28790E+00, 4.57558E+00, 4.97109E+00, 1.39793E+00, 3.59596E+01, 7.49857E+00, 1.68046E+00, 5.28910E+00, 9.17053E-01, 3.20991E+00, 3.89230E+00, 1.79388E+00, 4.82377E+00, 4.72529E+00, 1.05932E+00, 6.81273E+01, 7.18863E+00, 4.86617E+01, 1.27603E+00, 2.11566E+00, 3.95777E+00, 4.90184E+00, 5.41901E+00, 4.28635E+00, 4.10074E+00, 1.81183E+00, 4.00226E+00, 1.97197E+00, 1.47591E+00, 4.91192E+01, 2.34351E+00, 3.02322E+00, 4.33370E+00, 4.85553E+00, 1.55934E+00, 2.84651E+01, 1.96225E+00, 8.01164E-01, 3.31576E+00, 6.26719E+00, 5.84615E+00, 4.68492E+00, 1.97522E+00, 4.32843E+00, 1.19058E+00, 4.31214E+00, 1.19664E+00, 1.81340E+00, 6.58586E+01, 2.89585E+00, 6.54586E+00, 4.00453E+00, 5.80248E+00, 4.72803E+00, 1.28173E+00, 4.94610E+01, 7.20113E+00, 5.16254E+00, 9.55212E-01, 3.04865E+00, 2.76215E+00, 3.37225E+00, 6.95739E+00, 4.09367E+00, 5.20643E+00, 4.10793E+00, 1.13574E+00, 1.58231E+00, 7.53265E+01, 8.49403E-01, 4.86627E+00, 5.94261E+00, 4.03535E+00, 1.21989E+00, 4.09247E+00, 1.64930E+00, 3.94974E+01, 5.23846E+00, 5.22396E+00, 1.74922E+00, 1.64323E+00, 4.46043E+01, 7.40995E+00, 6.86333E+01, 1.55346E+00, 5.11866E+00, 9.94166E-01, 2.79983E+00, 3.97989E+00, 3.20709E+00, 6.83146E+00, 4.45475E+00, 5.89973E+00, 1.45406E+00, 1.37200E+00, 4.04971E+00, 1.89035E+00, 1.57134E+00, 3.04894E+01, 7.48869E+00, 9.08996E+01, 3.93786E+00, 4.13356E+00, 1.14470E+00, 1.59241E+00, 2.64363E+01, 1.14331E+00, 5.17112E+00, 3.15094E+00, 3.45376E+00, 3.43008E+00, 5.88705E+00, 4.61591E+00, 1.93973E+00, 4.13857E+00, 1.63680E+00, 4.94381E+00, 1.00010E+00, 7.03709E+01, 7.86442E+00, 1.12266E+00, 8.79762E-01, 3.91189E+00, 6.55599E+00, 1.55522E+00, 1.88708E+00, 1.45033E+00, 8.96066E+01, 1.09540E+00, 5.07035E+00, 3.22721E+00, 6.34515E+00, 4.12771E+00, 1.19037E+00, 1.25782E+00, 1.87798E+00, 7.41980E+00, 1.78383E+00, 5.28085E+00, 3.51351E+00, 3.38927E+00, 6.55571E+00, 4.23283E+00, 5.41956E+00, 4.88337E+00, 4.61839E+00, 1.80135E+00, 1.75550E+00, 7.42438E+00, 2.31840E-01, 2.67369E+00, 1.07548E+00, 1.27090E+00, 4.72513E+00, 1.44479E+00, 7.96344E+01, 7.68556E+00, 2.24183E+01, 5.28955E+00, 3.39164E+00, 3.14780E+00, 3.84445E+00, 6.16695E+00, 4.68023E+00, 4.98757E+00, 1.25966E+00, 1.06021E+00, 7.46604E+00, 8.12565E+01, 1.79799E+00, 5.45897E+00, 5.72221E+00, 4.95816E+00, 1.83524E+00, 7.15439E+00, 3.94921E+01, 5.12879E+00, 7.54628E-01, 3.68241E+00, 2.29220E+00, 6.73891E+00, 4.57615E+00, 1.25950E+00, 4.83748E+00, 1.93312E+00, 4.84310E+00, 1.14232E+00, 7.43906E+00, 1.54896E+00, 5.54513E+00, 1.65988E-02, 4.84928E+00, 4.76706E+00, 1.16064E+00, 4.43953E+00, 1.98557E+00, 9.37840E+01, 7.56004E+01, 1.06921E+00, 5.22412E-01, 3.46446E+00, 3.72174E+00, 3.80777E+00, 6.18909E+00, 4.15917E+00, 1.51953E+00, 1.00639E+00, 1.19556E+00, 2.04193E+01, 5.07119E+01, 1.62826E+00, 2.19391E+00, 4.70366E+00, 4.00389E+00, 1.70798E+00, 4.86228E+00, 1.93975E+00, 7.17491E+00, 5.82344E+01, 3.93226E+00, 2.65793E+00, 3.84139E+00, 6.42516E+00, 4.80214E+00, 4.50964E+00, 1.73757E+00, 4.64458E+00, 1.61155E+00, 7.61179E+01, 7.05582E+00, 1.64200E+00, 5.61726E+00, 2.72477E+00, 3.67833E+00, 3.27386E+00, 6.97811E+00, 4.77637E+00, 1.80688E+00, 1.31384E+00, 4.10715E+00, 1.38678E+00, 3.93796E+01, 3.40114E+00, 4.70676E+00, 1.59190E+00, 4.57736E+00, 1.31475E+00, 4.23617E+00, 1.35206E+00, 1.13890E+00, 6.44997E+01, 3.80645E-01, 3.08528E+00, 2.84183E+00, 3.08231E+00, 5.89297E+00, 4.46907E+00, 1.68597E+00, 1.02610E+00, 7.30327E+00, 8.17816E+01, 5.30175E+00, 6.05168E-01, 3.84653E+00, 2.60009E+00, 3.57595E+00, 6.66669E+00, 5.80317E+00, 4.58674E+00, 4.89766E+00, 3.19671E+01, 7.23579E+01, 3.40488E+00, 3.78795E+00, 4.82090E+00, 1.49521E+00, 4.31149E+00, 1.40344E+00, 6.89874E+01, 1.45660E+00, 6.27337E-01, 3.91662E+00, 2.18234E+00, 3.65508E+00, 6.77157E+00, 4.73179E+00, 5.30127E+00, 4.56279E+00, 4.56467E+00, 1.55278E+00, 1.02028E+00, 1.37859E+00, 6.26308E-01, 3.68851E+00, 6.94732E+00, 5.01589E+00, 4.35792E+00, 1.25160E+00, 7.87947E+00, 4.12146E+01, 1.43375E+00, 2.61560E+00, 3.07753E+00, 3.24880E+00, 6.74011E+00, 4.46888E+00, 5.55783E+00, 4.64722E+00, 1.38548E+00, 4.94909E+00, 1.17722E+00, 5.98146E+00, 3.97673E-01, 3.12688E+00, 2.64155E+00, 6.44348E+00, 1.40262E+00, 1.10980E+00, 4.96264E+00, 1.35571E+00, 1.74702E+01, 1.65206E+00, 5.11241E+00, 3.53756E+00, 2.89285E+00, 6.94836E+00, 4.30155E+00, 4.44790E+00, 1.63653E+00, 4.05353E+00, 4.31653E+00, 3.74295E+01, 3.19663E+00, 5.75382E+00, 1.20053E+00, 4.09341E+00, 4.82201E+00, 1.02083E+00, 1.91122E+00, 7.37629E+00, 1.32628E+00, 3.17228E+00, 2.99348E+00, 3.06634E+00, 6.06855E+00, 4.83795E+00, 5.93480E+00, 4.98701E+00, 1.74066E+00, 4.70502E+00, 1.24049E+00, 7.46034E+00, 3.36681E+01, 1.36066E+00, 2.00960E+00, 3.22361E+00, 3.19827E+00, 6.02635E+00, 4.50449E+00, 1.17859E+00, 4.03936E+00, 4.40298E+00, 1.41939E+00, 5.78348E+00, 2.76925E+00, 3.11961E+00, 4.43848E+00, 5.76234E+00, 4.99459E+00, 1.62107E+00, 1.88265E+00, 4.58691E+00, 1.91200E+00, 5.13906E+01, 4.18669E+01, 7.32805E-02, 3.62453E+00, 6.33789E+00, 4.37204E+00, 5.32386E+00, 4.61793E+00, 1.39047E+00, 4.52743E+00, 1.15205E+00, 7.72166E+01, 6.39022E+01, 1.89195E+00, 3.65006E+00, 6.61324E+00, 5.34310E+00, 1.19620E+00), b.lab=c(-3.16131E-02, -8.13254E-02, -5.01728E-02, 1.73679E-01, 2.70702E-03, 9.35349E-02, 6.38174E-02, -1.43455E-01, 5.17890E-02, -1.92158E-01, 1.45614E-01, -2.16901E-01, -2.66965E-02, 3.68925E-02, 1.31195E-01, 1.60478E-01, -9.10446E-02, -9.87960E-03, -8.08894E-03, 3.78282E-02), beta=c(-7.13657E-01, -6.21950E-01, 3.11542E-01, -1.96411E+00, -1.19461E-01, 6.94865E-01, -7.41477E-02, 8.45386E-01, 7.87305E-01, 2.15128E-01, 8.37594E-01, -1.41755E+00, -1.73907E+00, 6.16921E-01, -3.97861E-01, -7.69157E-01, -9.49716E-01, -2.02241E+00, -2.48844E-01, -1.28748E-01), sigma=6.49870E-01, sigma.lab=9.51359E-02)
