list(y=c(7.34640E+00, 7.53201E+01, 1.45182E+00, 5.62263E+00, 2.81392E+00, 3.56138E+00, 1.60930E+00, 4.98895E+00, 4.21800E+00, 1.49442E+00, 5.81071E+01, 7.84683E+00, 1.58933E+00, 5.14746E+00, 2.05841E-01, 3.13622E+00, 3.46414E+00, 1.36025E+00, 4.39831E+00, 4.64523E+00, 1.11018E+00, 8.22035E+01, 7.56313E+00, 7.79436E+01, 1.06969E+00, 2.70165E+00, 3.02411E+00, 4.41274E+00, 5.48371E+00, 4.02355E+00, 4.46807E+00, 1.27220E+00, 4.67939E+00, 1.11354E+00, 1.75088E+00, 1.02088E+01, 2.38005E+00, 3.04618E+00, 4.48280E+00, 4.15290E+00, 1.29065E+00, 9.05110E+01, 1.23862E+00, 3.08199E-01, 3.10752E+00, 6.84338E+00, 5.45333E+00, 4.36194E+00, 1.28160E+00, 4.92645E+00, 1.42778E+00, 4.89414E+00, 1.10206E+00, 1.29461E+00, 9.84357E+01, 2.69411E+00, 6.21840E+00, 4.17238E+00, 5.05923E+00, 4.82078E+00, 1.21471E+00, 9.14980E+01, 7.46504E+00, 5.61436E+00, 6.81181E-01, 3.92241E+00, 2.36942E+00, 3.52278E+00, 6.76690E+00, 4.43287E+00, 5.36814E+00, 4.26074E+00, 1.89614E+00, 1.97578E+00, 1.73489E+01, 7.30173E-01, 4.28354E+00, 5.62195E+00, 4.93237E+00, 1.50116E+00, 4.84064E+00, 1.37128E+00, 9.69693E+01, 5.56419E+00, 5.20420E+00, 1.36414E+00, 1.46006E+00, 6.23822E+01, 7.13011E+00, 9.46188E+01, 1.26972E+00, 5.90745E+00, 4.69949E-01, 2.85967E+00, 3.60434E+00, 3.81392E+00, 6.43816E+00, 4.67243E+00, 5.33571E+00, 1.24154E+00, 1.32925E+00, 4.52905E+00, 1.02562E+00, 1.22198E+00, 8.95996E+01, 7.28836E+00, 7.40654E+01, 3.78106E+00, 4.04774E+00, 1.49103E+00, 1.01246E+00, 8.98651E+01, 1.31730E+00, 5.96719E+00, 3.35742E+00, 3.17753E+00, 3.45394E+00, 5.34210E+00, 4.38710E+00, 1.41171E+00, 4.33069E+00, 1.16054E+00, 4.56276E+00, 1.67983E+00, 3.84740E+01, 7.05968E+00, 1.03276E+00, 9.96133E-01, 3.80565E+00, 6.50906E+00, 1.84299E+00, 1.37942E+00, 1.75544E+00, 8.53479E+01, 1.61921E+00, 5.86126E+00, 3.09317E+00, 6.30586E+00, 4.43876E+00, 1.05013E+00, 1.64816E+00, 1.09033E+00, 7.09788E+00, 1.78024E+00, 5.42401E+00, 3.68273E+00, 3.91929E+00, 6.37687E+00, 4.08757E+00, 5.84067E+00, 4.48617E+00, 4.32601E+00, 1.72085E+00, 1.58626E+00, 7.80034E+00, 2.87515E-01, 2.85519E+00, 1.87298E+00, 1.00724E+00, 4.24155E+00, 1.66151E+00, 2.39035E+01, 7.99282E+00, 6.35989E+01, 5.67518E+00, 3.72532E+00, 3.62096E+00, 3.62503E+00, 6.31675E+00, 4.33101E+00, 4.59442E+00, 1.82801E+00, 1.14090E+00, 7.56938E+00, 9.65468E+00, 1.84746E+00, 5.20012E+00, 5.64418E+00, 4.72765E+00, 1.84796E+00, 7.14169E+00, 9.83540E+01, 5.46587E+00, 1.09414E-02, 3.63026E+00, 2.98669E+00, 6.49134E+00, 4.63309E+00, 1.83855E+00, 4.25496E+00, 1.68797E+00, 4.58642E+00, 1.84491E+00, 7.94056E+00, 1.05747E+00, 5.35921E+00, 2.54799E-01, 4.02743E+00, 4.19022E+00, 1.02621E+00, 4.68324E+00, 1.51348E+00, 6.93402E+01, 4.04559E+01, 1.75264E+00, 4.76454E-01, 3.69706E+00, 3.02718E+00, 3.53241E+00, 6.19611E+00, 4.55680E+00, 1.24707E+00, 1.91092E+00, 1.44203E+00, 8.41953E+01, 9.94383E+01, 1.00429E+00, 2.86206E+00, 4.49914E+00, 4.14179E+00, 1.20534E+00, 4.50856E+00, 1.75442E+00, 7.71537E+00, 3.82421E+01, 3.90302E+00, 2.60053E+00, 3.42132E+00, 6.07542E+00, 4.78537E+00, 4.42815E+00, 1.60634E+00, 4.84744E+00, 1.17369E+00, 3.51346E+01, 7.40882E+00, 1.09793E+00, 5.49193E+00, 2.33433E+00, 3.85875E+00, 3.77929E+00, 6.50176E+00, 4.13092E+00, 1.37756E+00, 1.24895E+00, 4.62883E+00, 1.94102E+00, 6.45018E+01, 3.27260E+00, 4.60163E+00, 1.15842E+00, 4.59107E+00, 1.11626E+00, 4.44648E+00, 1.08566E+00, 1.88025E+00, 5.84777E+01, 5.88958E-01, 3.12967E+00, 2.82395E+00, 3.88693E+00, 5.67340E+00, 4.66560E+00, 1.15274E+00, 1.56550E+00, 7.95999E+00, 5.01315E+01, 5.10318E+00, 7.76228E-01, 3.51209E+00, 2.69984E+00, 3.42950E+00, 6.63971E+00, 5.67623E+00, 4.84664E+00, 4.59991E+00, 3.66141E+01, 5.01811E+01, 3.79937E+00, 3.62156E+00, 4.65396E+00, 1.16110E+00, 4.24709E+00, 1.92811E+00, 2.78760E+01, 1.04586E+00, 9.72660E-01, 3.78880E+00, 2.68674E+00, 3.85030E+00, 6.27780E+00, 4.43622E+00, 5.12064E+00, 4.30583E+00, 4.06004E+00, 1.57558E+00, 1.93303E+00, 1.35897E+00, 8.02333E-01, 3.36995E+00, 6.23405E+00, 5.04896E+00, 4.38353E+00, 1.32357E+00, 7.69741E+00, 3.39558E+01, 1.09216E+00, 2.69820E+00, 3.84303E+00, 3.84861E+00, 6.44489E+00, 4.02887E+00, 5.45057E+00, 4.75150E+00, 1.11170E+00, 4.98369E+00, 1.45907E+00, 5.40527E+00, 4.76014E-02, 3.07220E+00, 2.79949E+00, 6.79759E+00, 1.30427E+00, 1.94568E+00, 4.38777E+00, 1.68196E+00, 4.47454E+01, 1.86056E+00, 5.85930E+00, 3.02275E+00, 2.08779E+00, 6.71984E+00, 4.97141E+00, 4.55622E+00, 1.36924E+00, 4.49048E+00, 4.63795E+00, 9.06791E+01, 3.41765E+00, 5.46148E+00, 1.42422E+00, 4.83649E+00, 4.57649E+00, 1.24052E+00, 1.99462E+00, 7.22237E+00, 1.28206E+00, 3.57200E+00, 2.11474E+00, 3.07282E+00, 6.68101E+00, 4.15516E+00, 5.50967E+00, 4.53590E+00, 1.87291E+00, 4.57749E+00, 1.68808E+00, 7.33364E+00, 4.19886E+01, 1.33202E+00, 2.18083E+00, 3.41548E+00, 3.09575E+00, 6.75345E+00, 4.43699E+00, 1.79348E+00, 4.72891E+00, 4.08945E+00, 1.78387E+00, 5.04368E+00, 2.76344E+00, 3.74728E+00, 4.50394E+00, 5.82284E+00, 4.46161E+00, 1.34773E+00, 1.84526E+00, 4.34721E+00, 1.63425E+00, 8.49025E+01, 7.81208E+01, 6.00047E-01, 3.24628E+00, 6.16443E+00, 4.77188E+00, 5.67639E+00, 4.22179E+00, 1.14966E+00, 4.89212E+00, 1.17006E+00, 8.42411E+01, 2.22727E+01, 1.04837E+00, 3.17909E+00, 6.46701E+00, 5.64842E+00, 1.53212E+00), b.lab=c(4.32907E-02, 4.50432E-02, 1.67915E-02, -8.78487E-02, -5.34385E-03, -1.96170E-04, -8.09856E-02, -1.11944E-01, 4.13056E-03, 5.97619E-03, 4.95339E-02, 6.13561E-02, -1.12983E-01, 1.63869E-01, -2.73988E-02, -6.61255E-02, -5.30631E-02, 4.97805E-02, 1.12695E-02, -6.77069E-02), beta=c(-1.00643E-01, 3.89003E-03, -1.75405E+00, -1.57015E-01, 4.12794E-01, -8.82902E-01, -9.48721E-01, 1.48757E+00, -1.73270E-01, 1.86485E+00, 8.68046E-01, -6.60391E-01, 2.13488E-02, 2.22452E-01, -1.38440E+00, 7.47593E-01, 4.53502E-01, -8.55675E-01, 2.30202E+00, -5.69020E-01), sigma=1.83381E-01, sigma.lab=4.94986E-01)
