list(y=c(7.25524E+00, 1.36625E+01, 1.34253E+00, 5.53142E+00, 2.10183E+00, 3.22843E+00, 1.47991E+00, 4.35779E+00, 4.13955E+00, 1.03824E+00, 7.41699E+01, 7.70279E+00, 1.59678E+00, 5.91760E+00, 8.13375E-01, 3.97748E+00, 3.58315E+00, 1.77478E+00, 4.91730E+00, 4.19981E+00, 1.75744E+00, 8.81658E+01, 7.75850E+00, 8.33712E+01, 1.42530E+00, 2.60961E+00, 3.94745E+00, 4.35317E+00, 5.35939E+00, 4.92379E+00, 4.35280E+00, 1.64444E+00, 4.19218E+00, 1.19647E+00, 1.44230E+00, 5.41485E+01, 2.98836E+00, 3.65566E+00, 4.04217E+00, 4.17698E+00, 1.24054E+00, 4.60436E+01, 1.97645E+00, 6.52375E-01, 3.23784E+00, 6.00243E+00, 5.04632E+00, 4.16068E+00, 1.61441E+00, 4.74027E+00, 1.40766E+00, 4.01679E+00, 1.54598E+00, 1.00940E+00, 7.49112E+01, 2.94787E+00, 6.55840E+00, 4.72643E+00, 5.22035E+00, 4.81788E+00, 1.04939E+00, 3.34934E+01, 7.94163E+00, 5.12391E+00, 7.45974E-01, 3.32011E+00, 2.88290E+00, 3.77306E+00, 6.69934E+00, 4.67144E+00, 5.90930E+00, 4.81640E+00, 1.52003E+00, 1.62912E+00, 2.34525E+01, 5.86342E-01, 4.37854E+00, 5.88888E+00, 4.13166E+00, 1.50440E+00, 4.91040E+00, 1.46296E+00, 6.32897E+01, 5.46894E+00, 5.08051E+00, 1.33575E+00, 1.97812E+00, 9.47717E+01, 7.49424E+00, 3.41375E+01, 1.49966E+00, 5.83239E+00, 4.64159E-01, 2.94044E+00, 3.34063E+00, 3.92223E+00, 6.12324E+00, 4.02049E+00, 5.59983E+00, 1.64805E+00, 1.96958E+00, 4.18545E+00, 1.12241E+00, 1.56550E+00, 6.87804E+01, 7.67613E+00, 6.38948E+01, 3.83890E+00, 4.06345E+00, 1.15286E+00, 1.74880E+00, 6.04929E+01, 1.38120E+00, 5.87551E+00, 3.56904E+00, 3.89890E+00, 3.85832E+00, 5.96137E+00, 4.86252E+00, 1.39169E+00, 4.28249E+00, 1.33994E+00, 4.94435E+00, 1.97955E+00, 5.98901E+01, 7.74692E+00, 1.27628E+00, 7.78532E-01, 3.99396E+00, 6.07699E+00, 1.96496E+00, 1.48524E+00, 1.87421E+00, 9.67969E+00, 1.00823E+00, 5.90380E+00, 3.90009E+00, 6.23679E+00, 4.48791E+00, 1.57968E+00, 1.59322E+00, 1.47829E+00, 7.47291E+00, 1.86322E+00, 5.18056E+00, 3.58242E+00, 3.56952E+00, 6.73160E+00, 4.76223E+00, 5.56795E+00, 4.03512E+00, 4.38027E+00, 1.40465E+00, 1.86639E+00, 7.14621E+00, 4.72765E-01, 2.39252E+00, 1.91658E+00, 1.24257E+00, 4.42830E+00, 1.23672E+00, 9.08494E+01, 7.81484E+00, 2.61340E+01, 5.02650E+00, 3.92401E+00, 3.87436E+00, 3.34997E+00, 6.95408E+00, 4.29850E+00, 4.53987E+00, 1.55792E+00, 1.61961E+00, 7.15094E+00, 4.70123E+01, 1.51460E+00, 5.86774E+00, 5.22305E+00, 4.87225E+00, 1.97358E+00, 7.58554E+00, 4.78639E+01, 5.92068E+00, 7.21270E-02, 3.12006E+00, 2.27881E+00, 6.41316E+00, 4.79555E+00, 1.72113E+00, 4.53172E+00, 1.61223E+00, 4.87554E+00, 1.69715E+00, 7.20905E+00, 1.78426E+00, 5.81924E+00, 5.33820E-01, 4.97144E+00, 4.18331E+00, 1.83628E+00, 4.67192E+00, 1.32712E+00, 5.19611E+01, 8.61789E+01, 1.75698E+00, 7.64328E-02, 3.74752E+00, 3.11465E+00, 3.03257E+00, 6.66327E+00, 4.34986E+00, 1.92098E+00, 1.53859E+00, 1.77512E+00, 8.25478E+01, 6.45896E+01, 1.86248E+00, 2.11953E+00, 4.63139E+00, 4.97814E+00, 1.99159E+00, 4.64744E+00, 1.39235E+00, 7.85704E+00, 3.50422E+01, 3.13462E+00, 2.40661E+00, 3.75108E+00, 6.73476E+00, 4.18247E+00, 4.00789E+00, 1.74460E+00, 4.99021E+00, 1.16938E+00, 7.36873E+01, 7.35311E+00, 1.09037E+00, 5.55362E+00, 2.93163E+00, 3.92531E+00, 3.59524E+00, 6.19380E+00, 4.14053E+00, 1.00537E+00, 1.90557E+00, 4.91039E+00, 1.10278E+00, 9.62594E+01, 3.94301E+00, 4.62279E+00, 1.36151E+00, 4.10374E+00, 1.12419E+00, 4.09072E+00, 1.15973E+00, 1.23572E+00, 3.14914E+01, 6.17191E-01, 3.06764E+00, 2.35157E+00, 3.55079E+00, 5.24036E+00, 4.87549E+00, 1.60238E+00, 1.33631E+00, 7.25310E+00, 9.41730E+01, 5.17584E+00, 3.89543E-01, 3.74430E+00, 2.64693E+00, 3.14329E+00, 6.16287E+00, 5.93398E+00, 4.72821E+00, 4.84358E+00, 4.25858E+01, 3.60054E+01, 3.39406E+00, 3.01409E+00, 4.61675E+00, 1.28343E+00, 4.87801E+00, 1.67317E+00, 3.19250E+01, 1.21407E+00, 7.26370E-01, 3.28311E+00, 2.75685E+00, 3.53768E+00, 6.56620E+00, 4.89966E+00, 5.98237E+00, 4.27293E+00, 4.07777E+00, 1.40327E+00, 1.15637E+00, 1.45379E+00, 2.48265E-01, 3.69308E+00, 6.81350E+00, 5.30065E+00, 4.95308E+00, 1.74414E+00, 7.62055E+00, 7.19534E+01, 1.44335E+00, 2.73957E+00, 3.83464E+00, 3.78877E+00, 6.62379E+00, 4.54802E+00, 5.87450E+00, 4.31448E+00, 1.45832E+00, 4.08947E+00, 1.11294E+00, 5.02317E+00, 9.93893E-01, 3.42696E+00, 2.76221E+00, 6.93669E+00, 1.49932E+00, 1.69040E+00, 4.25100E+00, 1.94248E+00, 3.41023E+01, 1.98678E+00, 5.80850E+00, 3.49127E+00, 2.64386E+00, 6.94780E+00, 4.97552E+00, 4.45229E+00, 1.41077E+00, 4.98589E+00, 4.48714E+00, 1.83118E+01, 3.02344E+00, 5.57079E+00, 1.84649E+00, 4.06919E+00, 4.40798E+00, 1.87898E+00, 1.83563E+00, 7.44241E+00, 1.01733E+00, 3.43148E+00, 2.65376E+00, 3.09456E+00, 6.26364E+00, 4.51504E+00, 5.38700E+00, 4.83621E+00, 1.51851E+00, 4.84026E+00, 1.64318E+00, 7.35936E+00, 2.94839E+01, 1.79808E+00, 2.03371E+00, 3.68083E+00, 3.68528E+00, 6.21029E+00, 4.31840E+00, 1.72450E+00, 4.85088E+00, 4.60204E+00, 1.37065E+00, 5.98894E+00, 2.56691E+00, 3.25550E+00, 4.36098E+00, 5.29658E+00, 4.43428E+00, 1.00114E+00, 1.78134E+00, 4.82246E+00, 1.76694E+00, 6.84494E+01, 3.08302E+01, 6.94710E-01, 3.52517E+00, 6.38891E+00, 4.29619E+00, 5.22038E+00, 4.23798E+00, 1.00812E+00, 4.83956E+00, 1.13271E+00, 8.90105E+01, 6.67817E+01, 1.68428E+00, 3.08766E+00, 6.11606E+00, 5.86676E+00, 1.52500E+00), b.lab=c(4.43938E-02, 1.51107E-01, 1.80361E-02, 4.29274E-02, -3.19088E-03, 5.72615E-02, 1.16599E-01, -6.46439E-02, 9.88354E-02, -1.10345E-01, -3.64523E-02, -1.47618E-01, -3.89641E-02, 4.75613E-02, 6.36619E-02, 3.63605E-02, 1.78768E-01, 1.32771E-01, -6.39086E-02, -9.90511E-02), beta=c(-1.63740E+00, -9.93156E-02, 2.51328E+00, -4.66641E-02, 5.06663E-01, -1.31726E-01, -6.68241E-01, 4.86964E-01, -9.96208E-02, -7.68469E-01, 1.98017E+00, 6.84998E-01, -1.07155E-01, 1.38325E+00, -2.57012E-01, -3.01602E-01, -8.21533E-01, -3.01055E-01, -2.01955E+00, 1.64658E+00), sigma=7.82200E-01, sigma.lab=1.75839E-01)
