list(y=c(7.99314E+00, 3.92839E+01, 1.75427E+00, 5.73871E+00, 2.81038E+00, 3.29103E+00, 1.14846E+00, 4.67134E+00, 4.64132E+00, 1.78851E+00, 6.42508E+01, 7.81366E+00, 1.22744E+00, 5.66842E+00, 3.12686E-01, 3.44927E+00, 3.31566E+00, 1.46779E+00, 4.39953E+00, 4.93931E+00, 1.19529E+00, 5.41459E+01, 7.88187E+00, 1.04957E+01, 1.97767E+00, 2.37761E+00, 3.09800E+00, 4.99731E+00, 5.72956E+00, 4.24501E+00, 4.43781E+00, 1.77942E+00, 4.57290E+00, 1.23796E+00, 1.60622E+00, 5.85160E+01, 2.20087E+00, 3.10595E+00, 4.24123E+00, 4.80983E+00, 1.44881E+00, 4.28117E+01, 1.84549E+00, 3.11307E-01, 3.41281E+00, 6.21397E+00, 5.65586E+00, 4.66749E+00, 1.71470E+00, 4.47822E+00, 1.17314E+00, 4.75829E+00, 1.92095E+00, 1.70356E+00, 4.42418E+01, 2.21764E+00, 6.70268E+00, 4.06239E+00, 5.39074E+00, 4.61721E+00, 1.80600E+00, 1.58454E+01, 7.28909E+00, 5.22167E+00, 1.83842E-01, 3.91423E+00, 2.56101E+00, 3.63024E+00, 6.42228E+00, 4.33348E+00, 5.87819E+00, 4.05404E+00, 1.10582E+00, 1.01585E+00, 8.33043E+01, 6.57098E-01, 4.72353E+00, 5.74454E+00, 4.72518E+00, 1.24394E+00, 4.21507E+00, 1.30452E+00, 2.25191E+01, 5.01827E+00, 5.70177E+00, 1.88440E+00, 1.63351E+00, 3.09701E+01, 7.61363E+00, 1.06712E+01, 1.00903E+00, 5.18287E+00, 7.46142E-01, 2.38817E+00, 3.32208E+00, 3.24350E+00, 6.69248E+00, 4.09892E+00, 5.34559E+00, 1.83519E+00, 1.47657E+00, 4.34515E+00, 1.60818E+00, 1.66407E+00, 5.52945E+01, 7.93388E+00, 4.23005E+01, 3.69965E+00, 4.40860E+00, 1.75204E+00, 1.72497E+00, 5.58832E+01, 1.20003E+00, 5.17115E+00, 3.95652E+00, 3.86675E+00, 3.44967E+00, 5.02821E+00, 4.72186E+00, 1.95158E+00, 4.87582E+00, 1.36697E+00, 4.63589E+00, 1.23389E+00, 4.00808E+01, 7.99100E+00, 1.32009E+00, 4.00138E-01, 3.17928E+00, 6.85724E+00, 1.94962E+00, 1.33660E+00, 1.76492E+00, 1.95589E+01, 1.85706E+00, 5.43338E+00, 3.69429E+00, 6.81911E+00, 4.07388E+00, 1.73399E+00, 1.42239E+00, 1.12509E+00, 7.73637E+00, 1.83344E+00, 5.63876E+00, 3.49311E+00, 3.91762E+00, 6.05391E+00, 4.95506E+00, 5.17457E+00, 4.38965E+00, 4.96754E+00, 1.30824E+00, 1.19227E+00, 7.36639E+00, 4.87881E-01, 2.31338E+00, 1.94004E+00, 1.65404E+00, 4.33661E+00, 1.94694E+00, 6.75733E+01, 7.29188E+00, 6.03831E+01, 5.49953E+00, 3.60179E+00, 3.86067E+00, 3.26778E+00, 6.40041E+00, 4.36321E+00, 4.41494E+00, 1.78310E+00, 1.72948E+00, 7.71158E+00, 5.03476E+01, 1.89457E+00, 5.66471E+00, 5.73264E+00, 4.92271E+00, 1.85004E+00, 7.34232E+00, 9.88351E+01, 5.59232E+00, 7.16836E-01, 3.27603E+00, 2.91732E+00, 6.94446E+00, 4.54100E+00, 1.67776E+00, 4.18204E+00, 1.31057E+00, 4.74498E+00, 1.41348E+00, 7.80679E+00, 1.99092E+00, 5.21284E+00, 4.33680E-01, 4.41278E+00, 4.99484E+00, 1.51562E+00, 4.82022E+00, 1.15602E+00, 8.00207E+01, 2.90473E+01, 1.46516E+00, 8.18713E-01, 3.07214E+00, 3.99067E+00, 3.62126E+00, 6.00725E+00, 4.96748E+00, 1.32714E+00, 1.09390E+00, 1.68791E+00, 9.94829E+01, 5.83749E+01, 1.23185E+00, 2.85348E+00, 4.48268E+00, 4.60870E+00, 1.80476E+00, 4.49670E+00, 1.31254E+00, 7.80281E+00, 7.51385E+01, 3.63305E+00, 2.28930E+00, 3.71665E+00, 6.34829E+00, 4.63319E+00, 4.91400E+00, 1.66223E+00, 4.37622E+00, 1.87257E+00, 7.42301E+01, 7.24311E+00, 1.42005E+00, 5.05629E+00, 2.11337E+00, 3.56705E+00, 3.48355E+00, 6.40916E+00, 4.69948E+00, 1.28565E+00, 1.99650E+00, 4.36973E+00, 1.90692E+00, 2.00627E+01, 3.86507E+00, 4.56019E+00, 1.55948E+00, 4.33127E+00, 1.65523E+00, 4.46713E+00, 1.94141E+00, 1.60095E+00, 6.95702E+01, 9.27510E-01, 3.18475E+00, 2.25895E+00, 3.03675E+00, 5.66460E+00, 4.97821E+00, 1.24743E+00, 1.41157E+00, 7.39172E+00, 9.82328E+01, 5.35511E+00, 3.69045E-01, 3.57798E+00, 2.45034E+00, 3.89892E+00, 6.12441E+00, 5.05078E+00, 4.85109E+00, 4.55611E+00, 1.34788E+01, 5.85213E+01, 3.37803E+00, 3.18133E+00, 4.79579E+00, 1.13957E+00, 4.93612E+00, 1.68515E+00, 2.16400E+01, 1.60229E+00, 4.34865E-01, 3.60778E+00, 2.45899E+00, 3.34215E+00, 6.79366E+00, 4.99880E+00, 5.95417E+00, 4.61812E+00, 4.63043E+00, 1.29749E+00, 1.34591E+00, 1.07712E+00, 5.39145E-01, 3.34268E+00, 6.99765E+00, 5.27618E+00, 4.79218E+00, 1.31299E+00, 7.96178E+00, 7.99466E+01, 1.43275E+00, 2.65074E+00, 3.73202E+00, 3.33604E+00, 6.11666E+00, 4.61181E+00, 5.20408E+00, 4.90641E+00, 1.43356E+00, 4.01078E+00, 1.28780E+00, 5.53042E+00, 5.77876E-01, 3.43687E+00, 2.00060E+00, 6.82940E+00, 1.02987E+00, 1.35294E+00, 4.43872E+00, 1.97139E+00, 3.60924E+01, 1.64596E+00, 5.01360E+00, 3.75114E+00, 2.73011E+00, 6.17057E+00, 4.84705E+00, 4.75319E+00, 1.09155E+00, 4.20945E+00, 4.67183E+00, 1.47136E+01, 3.08060E+00, 5.82672E+00, 1.93506E+00, 4.95201E+00, 4.87990E+00, 1.85690E+00, 1.29428E+00, 7.23229E+00, 1.73092E+00, 3.34742E+00, 2.12446E+00, 3.79731E+00, 6.71097E+00, 4.02379E+00, 5.78533E+00, 4.98769E+00, 1.17830E+00, 4.56618E+00, 1.99493E+00, 7.84823E+00, 6.06296E+01, 1.76029E+00, 2.07637E+00, 3.11428E+00, 3.97352E+00, 6.29033E+00, 4.76690E+00, 1.19040E+00, 4.52132E+00, 4.97509E+00, 1.59520E+00, 5.74024E+00, 2.16520E+00, 3.38908E+00, 4.39370E+00, 5.42661E+00, 4.20533E+00, 1.24455E+00, 1.94795E+00, 4.04587E+00, 1.84769E+00, 7.90759E+01, 2.30787E+01, 9.12531E-01, 3.89245E+00, 6.37552E+00, 4.84093E+00, 5.49226E+00, 4.53480E+00, 1.87206E+00, 4.77353E+00, 1.27173E+00, 8.38684E+01, 9.22947E+01, 1.51067E+00, 3.23403E+00, 6.24713E+00, 5.44270E+00, 1.83132E+00), b.lab=c(9.99621E-02, -4.43207E-03, 5.14045E-02, 2.97907E-02, 6.65805E-02, -1.65878E-01, 2.23245E-02, -2.12801E-02, -5.71676E-02, -3.80617E-03, -5.83434E-03, -2.42258E-02, 4.96783E-03, 1.31783E-01, 3.85127E-02, 5.40391E-02, 6.19165E-02, -2.62596E-01, -6.91063E-02, 1.29130E-01), beta=c(-7.97887E-01, -1.53512E+00, 1.65247E+00, -1.27101E+00, 1.55116E+00, 2.92613E-02, 8.61303E-01, 2.06369E-03, -1.98857E+00, -4.30409E-01, 8.74197E-01, -2.20190E-01, 7.23765E-01, -1.51574E+00, -9.96416E-01, 1.05564E+00, 6.31862E-01, -4.90261E-01, 8.56169E-01, -1.49217E+00), sigma=2.62452E-01, sigma.lab=5.82436E-01)
