list(y=c(6.82894E+01, 4.27074E-02, 3.97232E+00, 3.39310E+00, 6.65550E+00, 4.98397E+00, 5.70261E+00, 4.48575E+00, 1.12597E+00, 1.48280E+00, 9.07555E+01, 2.89997E+00, 3.99567E+00, 6.17672E+00, 4.64096E+00, 5.16603E+00, 4.99760E+00, 1.48370E+00, 1.02925E+00, 5.03599E+00, 8.21056E-01, 3.98863E+00, 3.23900E+00, 6.87199E+00, 1.50059E+00, 7.64049E+00, 7.77832E+01, 1.62076E+00, 5.61621E+00, 9.34410E-01, 3.78801E+00, 3.00627E+00, 6.46170E+00, 4.16185E+00, 5.16109E+00, 1.77777E+00, 4.31509E+00, 1.34701E+00, 1.13082E+00, 7.52791E+00, 2.76436E+01, 5.37609E+00, 3.31794E+00, 2.56274E+00, 3.82718E+00, 4.24838E+00, 7.45657E+00, 6.82475E+01, 1.19398E+00, 5.02150E+00, 3.53985E-01, 3.85123E+00, 3.92013E+00, 3.80417E+00, 4.20623E+00, 1.67234E+00, 1.53385E+00, 4.60608E+00, 1.69504E+00, 8.66771E+01, 1.96938E+00, 3.93495E+00, 4.76910E+00, 1.91039E+00, 4.58783E+00, 1.15216E+00, 7.26093E+00, 2.20037E+01, 1.21864E+00, 5.00639E+00, 3.68479E+00, 2.32965E+00, 3.32777E+00, 3.48655E+00, 6.16139E+00, 4.77463E+00, 1.30452E+00, 1.73054E+00, 3.50027E+01, 7.36330E+00, 1.91221E+00, 4.22427E-01, 3.21888E+00, 2.04239E+00, 3.45247E+00, 3.72214E+00, 6.92556E+00, 4.97332E+00, 4.40904E+00, 1.83742E+00, 4.08928E+00, 1.09907E+00, 4.56422E+00, 3.58518E+00, 4.59467E+00, 4.85817E+00, 1.68909E+00, 5.78840E+00, 2.17017E-01, 3.12018E+00, 2.38309E+00, 3.37129E+00, 6.71284E+00, 5.32355E+00, 4.92389E+00, 4.22962E+00, 1.32920E+00, 4.56833E+00, 1.54041E+00, 4.63551E+01, 7.65509E+00, 2.74223E-01, 2.31398E+00, 6.70361E+00, 4.32568E+00, 1.86076E+00, 4.07016E+01, 5.39444E+00, 3.25585E+00, 2.56378E+00, 3.54437E+00, 4.72686E+00, 5.28080E+00, 4.08972E+00, 1.55979E+00, 4.54366E+00, 4.07050E+00, 5.71854E+01, 7.56177E+00, 5.67190E-02, 2.61405E+00, 3.92426E+00, 3.66440E+00, 4.97462E+00, 5.42245E+00, 1.50307E+00, 4.15283E+00, 4.75414E+00, 6.72122E+01, 9.92362E+01, 5.09471E-01, 2.94664E+00, 3.45776E+00, 1.67324E+00, 4.75031E+00, 1.40379E+00, 1.87650E+01, 4.48280E+01, 1.72346E+00, 5.45237E+00, 3.69953E+00, 3.39279E+00, 3.57779E+00, 6.16442E+00, 4.83234E+00, 5.28416E+00, 4.69939E+00, 4.35588E+00, 1.87494E+00, 1.14584E+00, 7.15338E-02, 2.14104E+00, 5.77877E+00, 4.33944E+00, 1.53352E+00, 4.27211E+00, 1.33474E+00, 1.18712E+01, 9.37703E-01, 3.61638E+00, 2.09853E+00, 3.61084E+00, 3.87688E+00, 6.71133E+00, 4.11496E+00, 4.90664E+00, 1.79304E+00, 4.75911E+00, 1.44504E+00, 1.68999E+00, 6.82156E+01, 1.90670E+00, 3.35734E+00, 3.72315E+00, 4.53834E+00, 5.91380E+00, 1.83440E+00, 8.20036E+01, 9.53706E+01, 3.19874E+00, 2.35716E+00, 3.64157E+00, 3.76663E+00, 6.93971E+00, 5.76168E+00, 4.81374E+00, 1.17656E+00, 1.09035E+00, 7.70986E+00, 5.59965E+00, 2.34920E+00, 4.57737E+00, 5.18969E+00, 4.13838E+00, 4.28691E+00, 1.38941E+00, 7.56123E+00, 5.18549E+00, 5.66688E-02, 3.07062E+00, 3.44189E+00, 3.53947E+00, 6.49204E+00, 5.72277E+00, 1.44760E+00, 4.64534E+00, 1.77442E+00, 3.50723E+01, 1.74204E+00, 5.05455E+00, 9.18444E-01, 3.11921E+00, 4.85478E+00, 5.30096E+00, 1.19368E+00, 1.80384E+00, 5.45665E+01, 9.00944E-01, 3.07421E+00, 4.07335E+00, 5.73125E+00, 4.48863E+00, 1.39494E+00, 8.05484E+01, 7.50858E+00, 1.43290E+00, 5.23648E+00, 4.87617E-01, 3.22204E+00, 2.65836E+00, 3.11457E+00, 6.19582E+00, 5.50787E+00, 4.50481E+00, 5.68358E+01, 7.26087E+00, 1.30922E+00, 5.33341E+00, 3.00701E+00, 6.54444E+00, 4.82138E+00, 1.96837E+00, 4.55467E+00, 4.99653E+00, 1.98128E+00, 5.48320E+01, 1.82438E+00, 3.27641E+00, 4.11589E+00, 1.84715E+00, 1.69774E+00, 4.00077E+00, 1.00724E+00, 1.87695E+00, 7.31875E+00, 1.26934E+00, 5.04142E+00, 1.22521E-01, 2.72684E+00, 3.01682E+00, 6.02021E+00, 4.07096E+00, 5.14291E+00, 4.29768E+00, 1.59830E+00, 1.87032E+00, 5.51626E+01, 7.27956E+00, 5.83172E+00, 3.63319E+00, 1.97391E+00, 4.19765E+00, 1.94732E+00, 6.44373E+01, 7.05869E+00, 2.82292E+01, 5.46257E+00, 3.48573E+00, 2.51109E+00, 3.51267E+00, 4.46730E+00, 4.87606E+00, 1.32625E+00, 4.18695E+00, 1.99869E+00, 1.66723E+00, 4.67603E+01, 5.11246E+00, 3.92861E-02, 3.32856E+00, 4.43021E+00, 1.10404E+00, 1.43631E+00, 8.47309E+01, 7.93555E+00, 1.58646E+01, 1.73788E+00, 3.50883E+00, 3.68695E+00, 4.99710E+00, 5.99643E+00, 4.40248E+00, 4.98260E+00, 1.29409E+00, 7.78195E+01, 7.81402E+00, 4.55284E-01, 3.64397E+00, 3.58568E+00, 5.46652E+00, 1.02070E+00, 1.90306E+00, 1.99297E+00, 3.19041E+01, 7.79083E+00, 1.64116E+00, 5.52421E+00, 6.67255E-01, 3.97697E+00, 2.22195E+00, 3.68771E+00, 6.71549E+00, 4.31903E+00, 4.55533E+00, 1.22127E+00, 8.35410E+01, 2.25436E+01, 5.20043E+00, 7.10379E-01, 3.89658E+00, 4.90594E+00, 1.90686E+00, 1.42198E+00, 8.39389E+01, 5.08770E+00, 1.81782E-01, 3.36747E+00, 4.84713E+00, 5.88174E+00, 1.90721E+00, 1.43265E+00, 8.33382E+01, 7.06158E+00, 1.90944E+01, 1.07945E+00, 1.30000E-01, 3.23853E+00, 3.06636E+00, 6.71453E+00, 4.83523E+00, 1.99869E+00, 7.48539E+00, 1.07713E+00, 5.44433E+00, 3.09177E+00, 2.20783E+00, 3.55368E+00, 4.44991E+00, 1.47467E+00, 1.45532E+00, 7.41848E+00, 5.65645E+00, 6.79444E-01, 3.87938E+00, 2.14034E+00, 3.36380E+00, 4.91481E+00, 4.64612E+00, 4.25823E+00), b.lab=c(-9.47114E-02, 6.04885E-02, -2.16495E-02, 8.38451E-02, -2.38322E-02, -3.40460E-02, -7.15141E-02, -8.77336E-02, -9.39596E-02, 6.84054E-02, 6.04370E-02, 6.14563E-02, 1.09241E-02, 2.62430E-02, 4.32938E-02, -2.55278E-02, -9.35145E-02, 1.42913E-01, 2.52160E-01), beta=c(1.60249E+00, 1.69402E+00, -1.40029E-01, 7.09549E-01, -2.06970E-01, -6.58586E-01, 5.95236E-01, -2.34223E-02, 1.67788E+00, 2.27787E+00, -1.61611E+00, 6.03188E-01, 4.37822E-01, -7.04541E-01, -2.74372E-01, -9.13477E-01, -3.68085E-01, 1.55724E-01, 1.87929E+00, -1.16383E+00), sigma=4.92035E-01, sigma.lab=1.62890E-01)
