list(y=c(7.82476E+00, 3.17155E+01, 1.77705E+00, 5.61899E+00, 2.14281E+00, 3.37272E+00, 1.10256E+00, 4.27663E+00, 4.85106E+00, 1.60021E+00, 6.90159E+01, 7.72355E+00, 1.78138E+00, 5.13924E+00, 8.92035E-01, 3.30056E+00, 3.89363E+00, 1.52551E+00, 4.11251E+00, 4.74998E+00, 1.14251E+00, 9.07762E+01, 7.28675E+00, 7.67169E+01, 1.20352E+00, 2.75737E+00, 3.60593E+00, 4.68412E+00, 5.81976E+00, 4.80646E+00, 4.83912E+00, 1.16966E+00, 4.23830E+00, 1.22741E+00, 1.62906E+00, 7.74564E+01, 2.08563E+00, 3.89020E+00, 4.92005E+00, 4.81453E+00, 1.69565E+00, 2.27890E+01, 1.30941E+00, 6.61544E-01, 3.97830E+00, 6.77666E+00, 5.04623E+00, 4.84525E+00, 1.85746E+00, 4.09488E+00, 1.58021E+00, 4.00023E+00, 1.09320E+00, 1.78576E+00, 4.91331E+01, 2.59943E+00, 6.27934E+00, 4.76092E+00, 5.97083E+00, 4.54884E+00, 1.56334E+00, 9.90279E+01, 7.37112E+00, 5.35154E+00, 8.78441E-01, 3.07068E+00, 2.53903E+00, 3.58365E+00, 6.66377E+00, 4.50074E+00, 5.90168E+00, 4.74546E+00, 1.15876E+00, 1.20233E+00, 4.28214E+01, 2.66211E-01, 4.25362E+00, 5.28076E+00, 4.89831E+00, 1.73330E+00, 4.74323E+00, 1.66360E+00, 9.64585E+00, 5.02459E+00, 5.91468E+00, 1.09788E+00, 1.58465E+00, 6.77111E+01, 7.45195E+00, 7.95315E+01, 1.09489E+00, 5.12839E+00, 1.51463E-01, 2.37536E+00, 3.48313E+00, 3.55084E+00, 6.18246E+00, 4.65024E+00, 5.39464E+00, 1.15051E+00, 1.49243E+00, 4.60254E+00, 1.80380E+00, 1.36721E+00, 8.65028E+01, 7.83406E+00, 1.75415E+01, 3.98599E+00, 4.30439E+00, 1.26207E+00, 1.80584E+00, 9.97804E+01, 1.99333E+00, 5.74088E+00, 3.02431E+00, 3.48790E+00, 3.29555E+00, 5.03608E+00, 4.72691E+00, 1.83081E+00, 4.67593E+00, 1.62916E+00, 4.56532E+00, 1.36916E+00, 5.58057E+01, 7.77735E+00, 1.48909E+00, 2.16277E-01, 3.66764E+00, 6.13242E+00, 1.59794E+00, 1.99731E+00, 1.27037E+00, 9.99356E+01, 1.28512E+00, 5.45541E+00, 3.30170E+00, 6.26523E+00, 4.84760E+00, 1.95317E+00, 1.00618E+00, 1.47639E+00, 7.27559E+00, 1.84150E+00, 5.32463E+00, 3.45058E+00, 3.24616E+00, 6.14079E+00, 4.03623E+00, 5.20561E+00, 4.06694E+00, 4.11844E+00, 1.00578E+00, 1.67978E+00, 7.28726E+00, 6.93810E-01, 2.78170E+00, 1.90297E+00, 1.48653E+00, 4.79082E+00, 1.12382E+00, 4.54512E+01, 7.40279E+00, 2.40567E+01, 5.66336E+00, 3.20660E+00, 3.61280E+00, 3.71803E+00, 6.66982E+00, 4.94203E+00, 4.73912E+00, 1.19904E+00, 1.53898E+00, 7.15507E+00, 7.76327E+01, 1.48339E+00, 5.95195E+00, 5.62853E+00, 4.10036E+00, 1.09287E+00, 7.20677E+00, 5.80740E+01, 5.10004E+00, 2.21619E-01, 3.86881E+00, 2.71178E+00, 6.74539E+00, 4.17270E+00, 1.68910E+00, 4.54997E+00, 1.41406E+00, 4.83653E+00, 1.06815E+00, 7.48799E+00, 1.73320E+00, 5.16040E+00, 1.38884E-01, 4.62648E+00, 4.75293E+00, 1.64334E+00, 4.40650E+00, 1.20856E+00, 9.92957E+01, 5.88019E+01, 1.07399E+00, 2.50042E-01, 3.76571E+00, 3.20730E+00, 3.22469E+00, 6.16806E+00, 4.02070E+00, 1.99614E+00, 1.61455E+00, 1.48516E+00, 9.31538E+01, 7.53027E+01, 1.15919E+00, 2.70269E+00, 4.77962E+00, 4.95056E+00, 1.05900E+00, 4.04985E+00, 1.67209E+00, 7.48091E+00, 9.00366E+01, 3.87091E+00, 2.99033E+00, 3.51578E+00, 6.33766E+00, 4.62377E+00, 4.78186E+00, 1.39338E+00, 4.15813E+00, 1.37948E+00, 7.82096E+01, 7.34347E+00, 1.39681E+00, 5.38166E+00, 2.94135E+00, 3.05332E+00, 3.83999E+00, 6.39055E+00, 4.82973E+00, 1.88201E+00, 1.71207E+00, 4.74982E+00, 1.66541E+00, 5.23951E+01, 3.71826E+00, 4.35592E+00, 1.38628E+00, 4.90333E+00, 1.31535E+00, 4.49343E+00, 1.38417E+00, 1.87754E+00, 6.55697E+01, 8.22040E-01, 3.19371E+00, 2.11919E+00, 3.73607E+00, 5.08918E+00, 4.90835E+00, 1.46928E+00, 1.99948E+00, 7.18964E+00, 7.40442E+01, 5.30784E+00, 7.87208E-01, 3.32910E+00, 2.84999E+00, 3.12071E+00, 6.47327E+00, 5.70153E+00, 4.46957E+00, 4.80981E+00, 6.09327E+01, 2.88703E+01, 3.00707E+00, 3.25290E+00, 4.82485E+00, 1.14307E+00, 4.37755E+00, 1.72665E+00, 6.99532E+01, 1.48159E+00, 1.09808E-01, 3.48417E+00, 2.91906E+00, 3.22805E+00, 6.79369E+00, 4.20136E+00, 5.75161E+00, 4.97193E+00, 4.80029E+00, 1.81612E+00, 1.21497E+00, 1.87167E+00, 3.86129E-01, 3.95791E+00, 6.66743E+00, 5.63525E+00, 4.09937E+00, 1.21176E+00, 7.15481E+00, 4.27061E+01, 1.14239E+00, 2.39879E+00, 3.70377E+00, 3.90832E+00, 6.04588E+00, 4.57623E+00, 5.06744E+00, 4.90221E+00, 1.64118E+00, 4.37827E+00, 1.73354E+00, 5.27627E+00, 3.96424E-01, 3.65778E+00, 2.85276E+00, 6.72496E+00, 1.66399E+00, 1.67669E+00, 4.05946E+00, 1.29765E+00, 8.43024E+01, 1.54124E+00, 5.48300E+00, 3.30249E+00, 2.66170E+00, 6.27353E+00, 4.01164E+00, 4.52286E+00, 1.52482E+00, 4.46877E+00, 4.49006E+00, 6.34804E+01, 3.90509E+00, 5.55338E+00, 1.17090E+00, 4.60732E+00, 4.88965E+00, 1.40560E+00, 1.44645E+00, 7.87185E+00, 1.44427E+00, 3.49177E+00, 2.92370E+00, 3.89278E+00, 6.01973E+00, 4.84025E+00, 5.26770E+00, 4.25771E+00, 1.59883E+00, 4.93457E+00, 1.10177E+00, 7.27882E+00, 2.75397E+01, 1.17805E+00, 2.69094E+00, 3.89966E+00, 3.14871E+00, 6.80298E+00, 4.46288E+00, 1.63937E+00, 4.94106E+00, 4.06435E+00, 1.40520E+00, 5.19106E+00, 2.04098E+00, 3.49009E+00, 4.45253E+00, 5.92655E+00, 4.56126E+00, 1.27171E+00, 1.66293E+00, 4.55226E+00, 1.94351E+00, 2.23841E+01, 8.88343E+01, 4.49802E-01, 3.68199E+00, 6.90703E+00, 4.20247E+00, 5.00722E+00, 4.54039E+00, 1.45056E+00, 4.75094E+00, 1.73392E+00, 6.92807E+01, 7.15374E+01, 1.76508E+00, 3.04979E+00, 6.53138E+00, 5.90997E+00, 1.36216E+00), b.lab=c(-2.04119E-01, 1.71467E-01, 4.55506E-02, 1.48469E-02, 6.79223E-03, -7.04687E-02, 4.65165E-02, -1.45925E-02, 7.65346E-02, 1.50593E-02, -1.14642E-01, -8.91238E-02, 1.18067E-01, 2.86313E-02, -2.10315E-02, -1.88894E-01, 7.80436E-02, 1.93228E-02, -4.11712E-02, 1.93943E-02), beta=c(2.73283E-01, -3.35797E-03, 3.49119E-01, -5.00546E-01, 2.87743E-01, -1.45387E+00, 1.58287E+00, 4.85287E-01, -1.52284E+00, -2.52029E-01, -1.35004E+00, 1.27151E+00, -8.33474E-01, -2.40047E+00, -7.66411E-01, -2.35559E+00, -8.10423E-01, -1.08427E+00, 2.03931E+00, -1.38750E+00), sigma=7.10794E-02, sigma.lab=8.65597E-01)
